scripts/public/data/wind.json
{"header": { "discipline":0, "disciplineName":"Meteorological products", "gribEdition":2, "gribLength":11432, "center":7, "centerName":"US National Weather Service - NCEP(WMC)", "subcenter":0, "refTime":"2019-12-29T00:00:00.000Z", "significanceOfRT":0, "significanceOfRTName":"Analysis", "productStatus":0, "productStatusName":"Operational products", "productType":0, "productTypeName":"Analysis products", "productDefinitionTemplate":0, "productDefinitionTemplateName":"Analysis/forecast at horizontal level/layer at a point in time", "parameterCategory":1, "parameterCategoryName":"Moisture", "parameterNumber":24, "parameterNumberName":"Rain_mixing_ratio", "parameterUnit":"kg.kg-1", "genProcessType":0, "genProcessTypeName":"Analysis", "forecastTime":0, "surface1Type":100, "surface1TypeName":"Isobaric surface", "surface1Value":10000.0, "surface2Type":255, "surface2TypeName":"Missing", "surface2Value":0.0, "gridDefinitionTemplate":0, "gridDefinitionTemplateName":"Latitude_Longitude", "numberPoints":11253, "shape":6, "shapeName":"Earth spherical with radius of 6,371,229.0 m", "gridUnits":"degrees", "resolution":48, "winds":"true", "scanMode":64, "nx":93, "ny":121, "basicAngle":0, "lo1":105.0, "la1":40.0, "lo2":128.0, "la2":70.0, "dx":0.25, "dy":0.25 }, "data":
[rows 58 to 86 of 121, columns 0 to 66 of 93]
1.22E-9,1.21E-9,1.19E-9,1.17E-9,1.14E-9,1.11E-9,1.08E-9,1.06E-9,1.05E-9,1.04E-9,1.04E-9,1.03E-9,1.03E-9,1.03E-9,1.02E-9,1.01E-9,9.8E-10,9.6E-10,9.4E-10,9.0E-10,8.7E-10,8.5E-10,8.3E-10,8.2E-10,8.2E-10,8.1E-10,8.0E-10,8.0E-10,8.0E-10,7.9E-10,7.9E-10,7.9E-10,8.0E-10,8.0E-10,8.1E-10,8.1E-10,8.0E-10,7.8E-10,7.7E-10,7.6E-10,7.6E-10,7.8E-10,7.9E-10,8.0E-10,7.9E-10,7.9E-10,7.8E-10,7.6E-10,7.5E-10,7.4E-10,7.4E-10,7.4E-10,7.3E-10,7.3E-10,7.3E-10,7.4E-10,7.5E-10,7.6E-10,7.9E-10,8.1E-10,8.5E-10,8.6E-10,8.6E-10,8.6E-10,8.4E-10,8.3E-10,8.2E-10
1.15E-9,1.14E-9,1.13E-9,1.11E-9,1.09E-9,1.06E-9,1.04E-9,1.02E-9,1.02E-9,1.02E-9,1.02E-9,1.02E-9,1.02E-9,1.01E-9,1.0E-9,9.8E-10,9.6E-10,9.4E-10,9.1E-10,8.9E-10,8.6E-10,8.5E-10,8.4E-10,8.4E-10,8.3E-10,8.2E-10,8.2E-10,8.2E-10,8.2E-10,8.1E-10,8.1E-10,8.1E-10,8.1E-10,8.2E-10,8.2E-10,8.1E-10,8.1E-10,8.0E-10,7.9E-10,7.8E-10,7.7E-10,7.8E-10,7.9E-10,8.0E-10,8.0E-10,8.1E-10,8.0E-10,7.9E-10,7.7E-10,7.5E-10,7.4E-10,7.4E-10,7.3E-10,7.2E-10,7.2E-10,7.1E-10,7.2E-10,7.3E-10,7.4E-10,7.7E-10,8.0E-10,8.3E-10,8.5E-10,8.5E-10,8.4E-10,8.3E-10,8.2E-10
1.11E-9,1.1E-9,1.1E-9,1.08E-9,1.06E-9,1.04E-9,1.02E-9,1.01E-9,1.01E-9,1.01E-9,1.01E-9,1.01E-9,9.9E-10,9.8E-10,9.7E-10,9.6E-10,9.4E-10,9.2E-10,9.1E-10,8.9E-10,8.8E-10,8.8E-10,8.7E-10,8.6E-10,8.5E-10,8.4E-10,8.4E-10,8.4E-10,8.3E-10,8.3E-10,8.2E-10,8.2E-10,8.2E-10,8.2E-10,8.2E-10,8.2E-10,8.1E-10,8.1E-10,8.0E-10,7.9E-10,7.9E-10,7.9E-10,8.0E-10,8.0E-10,8.0E-10,8.1E-10,8.1E-10,8.1E-10,8.0E-10,7.6E-10,7.5E-10,7.4E-10,7.4E-10,7.2E-10,7.0E-10,6.9E-10,6.9E-10,7.0E-10,7.2E-10,7.4E-10,7.8E-10,8.0E-10,8.3E-10,8.4E-10,8.4E-10,8.3E-10,8.2E-10
1.09E-9,1.09E-9,1.08E-9,1.06E-9,1.04E-9,1.02E-9,1.01E-9,1.0E-9,1.0E-9,1.0E-9,9.9E-10,9.8E-10,9.7E-10,9.6E-10,9.5E-10,9.4E-10,9.3E-10,9.2E-10,9.1E-10,9.0E-10,9.0E-10,8.9E-10,8.9E-10,8.9E-10,8.7E-10,8.5E-10,8.4E-10,8.4E-10,8.3E-10,8.2E-10,8.1E-10,8.1E-10,8.1E-10,8.1E-10,8.1E-10,8.1E-10,8.1E-10,8.0E-10,8.0E-10,8.0E-10,8.0E-10,8.0E-10,8.0E-10,8.0E-10,8.0E-10,8.1E-10,8.2E-10,8.2E-10,8.0E-10,7.7E-10,7.5E-10,7.5E-10,7.4E-10,7.2E-10,6.9E-10,6.8E-10,6.7E-10,6.8E-10,7.0E-10,7.4E-10,7.7E-10,8.0E-10,8.2E-10,8.3E-10,8.3E-10,8.2E-10,8.1E-10
1.07E-9,1.06E-9,1.06E-9,1.04E-9,1.02E-9,1.01E-9,1.0E-9,1.0E-9,9.9E-10,9.9E-10,9.8E-10,9.7E-10,9.6E-10,9.5E-10,9.3E-10,9.3E-10,9.2E-10,9.1E-10,9.1E-10,9.0E-10,9.0E-10,9.0E-10,8.9E-10,8.9E-10,8.8E-10,8.6E-10,8.4E-10,8.3E-10,8.2E-10,8.1E-10,8.0E-10,8.0E-10,8.0E-10,8.1E-10,8.1E-10,8.1E-10,8.1E-10,8.0E-10,8.0E-10,8.0E-10,8.0E-10,8.0E-10,8.0E-10,8.1E-10,8.1E-10,8.2E-10,8.1E-10,8.0E-10,7.9E-10,7.7E-10,7.6E-10,7.5E-10,7.4E-10,7.1E-10,6.9E-10,6.8E-10,6.7E-10,6.8E-10,7.1E-10,7.5E-10,7.8E-10,8.1E-10,8.3E-10,8.4E-10,8.4E-10,8.3E-10,8.0E-10
1.06E-9,1.05E-9,1.04E-9,1.03E-9,1.02E-9,1.01E-9,1.0E-9,9.9E-10,9.9E-10,9.7E-10,9.6E-10,9.6E-10,9.5E-10,9.4E-10,9.4E-10,9.3E-10,9.2E-10,9.2E-10,9.1E-10,9.1E-10,9.0E-10,9.0E-10,8.9E-10,8.9E-10,8.8E-10,8.7E-10,8.6E-10,8.5E-10,8.4E-10,8.3E-10,8.3E-10,8.1E-10,8.1E-10,8.1E-10,8.1E-10,8.1E-10,8.1E-10,8.1E-10,8.1E-10,8.1E-10,8.0E-10,8.1E-10,8.1E-10,8.1E-10,8.1E-10,8.1E-10,8.0E-10,7.9E-10,7.8E-10,7.7E-10,7.7E-10,7.6E-10,7.3E-10,7.0E-10,6.8E-10,6.8E-10,6.8E-10,6.9E-10,7.3E-10,7.7E-10,8.0E-10,8.2E-10,8.4E-10,8.4E-10,8.5E-10,8.3E-10,8.1E-10
1.01E-9,1.0E-9,9.9E-10,9.8E-10,9.8E-10,9.8E-10,9.8E-10,9.7E-10,9.6E-10,9.5E-10,9.5E-10,9.4E-10,9.4E-10,9.4E-10,9.4E-10,9.3E-10,9.2E-10,9.2E-10,9.3E-10,9.2E-10,9.2E-10,9.2E-10,9.2E-10,9.1E-10,9.1E-10,9.0E-10,8.8E-10,8.7E-10,8.6E-10,8.6E-10,8.5E-10,8.3E-10,8.1E-10,8.0E-10,7.9E-10,8.0E-10,8.0E-10,8.1E-10,8.1E-10,8.2E-10,8.1E-10,8.1E-10,8.0E-10,8.0E-10,8.0E-10,7.8E-10,7.8E-10,7.7E-10,7.7E-10,7.7E-10,7.6E-10,7.5E-10,7.2E-10,6.8E-10,6.7E-10,6.8E-10,6.8E-10,7.0E-10,7.4E-10,7.8E-10,8.1E-10,8.3E-10,8.4E-10,8.5E-10,8.5E-10,8.4E-10,8.1E-10
9.7E-10,9.6E-10,9.5E-10,9.4E-10,9.4E-10,9.4E-10,9.4E-10,9.4E-10,9.4E-10,9.3E-10,9.3E-10,9.3E-10,9.3E-10,9.3E-10,9.2E-10,9.2E-10,9.1E-10,9.2E-10,9.2E-10,9.3E-10,9.3E-10,9.3E-10,9.3E-10,9.3E-10,9.2E-10,9.1E-10,9.0E-10,8.8E-10,8.7E-10,8.5E-10,8.5E-10,8.4E-10,8.3E-10,8.0E-10,7.9E-10,7.9E-10,7.9E-10,8.0E-10,8.1E-10,8.2E-10,8.2E-10,8.1E-10,8.0E-10,8.0E-10,7.8E-10,7.7E-10,7.6E-10,7.5E-10,7.5E-10,7.5E-10,7.3E-10,7.2E-10,6.9E-10,6.7E-10,6.7E-10,6.7E-10,6.8E-10,7.0E-10,7.3E-10,7.7E-10,8.0E-10,8.2E-10,8.3E-10,8.4E-10,8.5E-10,8.4E-10,8.1E-10
9.5E-10,9.4E-10,9.4E-10,9.4E-10,9.4E-10,9.3E-10,9.3E-10,9.3E-10,9.3E-10,9.3E-10,9.2E-10,9.2E-10,9.2E-10,9.1E-10,9.1E-10,9.1E-10,9.1E-10,9.1E-10,9.1E-10,9.2E-10,9.1E-10,9.1E-10,9.1E-10,9.2E-10,9.2E-10,9.1E-10,9.1E-10,8.9E-10,8.7E-10,8.5E-10,8.4E-10,8.4E-10,8.3E-10,8.2E-10,7.9E-10,7.8E-10,7.8E-10,7.8E-10,7.9E-10,8.1E-10,8.2E-10,8.2E-10,8.1E-10,7.9E-10,7.7E-10,7.6E-10,7.5E-10,7.4E-10,7.2E-10,7.1E-10,7.0E-10,6.8E-10,6.7E-10,6.6E-10,6.6E-10,6.6E-10,6.7E-10,6.9E-10,7.1E-10,7.5E-10,7.8E-10,8.0E-10,8.2E-10,8.4E-10,8.4E-10,8.3E-10,8.1E-10
9.4E-10,9.3E-10,9.3E-10,9.2E-10,9.2E-10,9.2E-10,9.2E-10,9.1E-10,9.2E-10,9.1E-10,9.1E-10,9.1E-10,9.1E-10,9.1E-10,9.1E-10,9.0E-10,9.0E-10,8.9E-10,8.8E-10,8.8E-10,8.8E-10,8.8E-10,8.9E-10,9.0E-10,9.0E-10,9.0E-10,9.0E-10,8.9E-10,8.7E-10,8.5E-10,8.4E-10,8.3E-10,8.2E-10,8.2E-10,8.0E-10,7.8E-10,7.7E-10,7.7E-10,7.8E-10,7.9E-10,8.1E-10,8.2E-10,8.1E-10,8.0E-10,7.8E-10,7.6E-10,7.5E-10,7.3E-10,7.1E-10,6.9E-10,6.6E-10,6.6E-10,6.6E-10,6.6E-10,6.6E-10,6.7E-10,6.7E-10,6.8E-10,6.9E-10,7.1E-10,7.5E-10,7.8E-10,8.1E-10,8.2E-10,8.2E-10,8.1E-10,8.0E-10
9.2E-10,9.1E-10,9.0E-10,8.9E-10,8.9E-10,8.8E-10,8.8E-10,8.8E-10,8.9E-10,8.9E-10,9.0E-10,9.0E-10,9.0E-10,9.0E-10,8.9E-10,8.8E-10,8.7E-10,8.6E-10,8.6E-10,8.5E-10,8.6E-10,8.7E-10,8.8E-10,8.9E-10,9.0E-10,9.0E-10,9.0E-10,8.9E-10,8.7E-10,8.6E-10,8.4E-10,8.3E-10,8.2E-10,8.1E-10,8.0E-10,7.8E-10,7.7E-10,7.6E-10,7.6E-10,7.7E-10,7.9E-10,8.1E-10,8.1E-10,8.1E-10,7.9E-10,7.7E-10,7.5E-10,7.3E-10,7.1E-10,6.7E-10,6.5E-10,6.5E-10,6.5E-10,6.6E-10,6.6E-10,6.6E-10,6.6E-10,6.7E-10,6.9E-10,7.1E-10,7.4E-10,7.8E-10,8.0E-10,8.1E-10,8.0E-10,8.0E-10,7.9E-10
9.0E-10,8.9E-10,8.8E-10,8.8E-10,8.7E-10,8.6E-10,8.6E-10,8.6E-10,8.6E-10,8.6E-10,8.6E-10,8.6E-10,8.6E-10,8.6E-10,8.6E-10,8.6E-10,8.5E-10,8.5E-10,8.4E-10,8.5E-10,8.5E-10,8.6E-10,8.8E-10,8.9E-10,9.0E-10,9.0E-10,9.0E-10,8.9E-10,8.7E-10,8.6E-10,8.4E-10,8.3E-10,8.2E-10,8.1E-10,8.0E-10,7.9E-10,7.8E-10,7.6E-10,7.6E-10,7.5E-10,7.6E-10,7.8E-10,7.9E-10,8.0E-10,7.9E-10,7.7E-10,7.5E-10,7.3E-10,7.2E-10,6.9E-10,6.5E-10,6.3E-10,6.3E-10,6.4E-10,6.6E-10,6.7E-10,6.8E-10,6.9E-10,7.1E-10,7.2E-10,7.5E-10,7.7E-10,7.9E-10,8.0E-10,8.0E-10,8.0E-10,8.0E-10
9.1E-10,9.0E-10,8.9E-10,8.9E-10,8.7E-10,8.6E-10,8.5E-10,8.5E-10,8.4E-10,8.4E-10,8.4E-10,8.3E-10,8.3E-10,8.3E-10,8.3E-10,8.3E-10,8.4E-10,8.4E-10,8.4E-10,8.4E-10,8.5E-10,8.6E-10,8.7E-10,8.8E-10,8.9E-10,8.9E-10,8.8E-10,8.8E-10,8.6E-10,8.4E-10,8.3E-10,8.1E-10,8.0E-10,8.0E-10,8.0E-10,7.9E-10,7.8E-10,7.6E-10,7.5E-10,7.4E-10,7.5E-10,7.6E-10,7.8E-10,7.9E-10,7.8E-10,7.7E-10,7.6E-10,7.4E-10,7.2E-10,6.8E-10,6.2E-10,6.0E-10,5.9E-10,6.1E-10,6.4E-10,6.7E-10,6.9E-10,7.1E-10,7.3E-10,7.4E-10,7.6E-10,7.7E-10,8.0E-10,8.1E-10,8.1E-10,8.1E-10,8.1E-10
9.4E-10,9.3E-10,9.2E-10,9.1E-10,9.0E-10,8.9E-10,8.7E-10,8.6E-10,8.4E-10,8.4E-10,8.3E-10,8.3E-10,8.2E-10,8.2E-10,8.2E-10,8.2E-10,8.2E-10,8.3E-10,8.3E-10,8.4E-10,8.4E-10,8.4E-10,8.4E-10,8.6E-10,8.7E-10,8.7E-10,8.7E-10,8.6E-10,8.5E-10,8.3E-10,8.2E-10,7.9E-10,7.9E-10,7.9E-10,7.8E-10,7.8E-10,7.7E-10,7.6E-10,7.5E-10,7.4E-10,7.4E-10,7.5E-10,7.7E-10,7.7E-10,7.7E-10,7.6E-10,7.4E-10,7.2E-10,6.9E-10,6.4E-10,5.9E-10,5.8E-10,5.8E-10,5.9E-10,6.2E-10,6.6E-10,6.9E-10,7.2E-10,7.4E-10,7.5E-10,7.7E-10,7.9E-10,8.1E-10,8.2E-10,8.2E-10,8.2E-10,8.1E-10
9.7E-10,9.6E-10,9.4E-10,9.3E-10,9.2E-10,9.1E-10,8.9E-10,8.8E-10,8.7E-10,8.5E-10,8.4E-10,8.3E-10,8.2E-10,8.2E-10,8.2E-10,8.2E-10,8.2E-10,8.2E-10,8.1E-10,8.1E-10,8.1E-10,8.2E-10,8.2E-10,8.4E-10,8.6E-10,8.5E-10,8.5E-10,8.4E-10,8.3E-10,8.2E-10,8.0E-10,7.8E-10,7.7E-10,7.6E-10,7.6E-10,7.6E-10,7.6E-10,7.6E-10,7.4E-10,7.4E-10,7.4E-10,7.5E-10,7.7E-10,7.7E-10,7.6E-10,7.4E-10,7.2E-10,7.0E-10,6.7E-10,6.2E-10,5.8E-10,5.8E-10,5.8E-10,5.9E-10,6.1E-10,6.6E-10,6.9E-10,7.2E-10,7.4E-10,7.6E-10,7.8E-10,7.9E-10,8.1E-10,8.3E-10,8.2E-10,8.1E-10,8.0E-10
9.7E-10,9.7E-10,9.6E-10,9.4E-10,9.3E-10,9.2E-10,9.0E-10,8.9E-10,8.8E-10,8.7E-10,8.5E-10,8.4E-10,8.3E-10,8.2E-10,8.2E-10,8.2E-10,8.2E-10,8.1E-10,8.1E-10,8.0E-10,8.0E-10,8.1E-10,8.3E-10,8.4E-10,8.5E-10,8.5E-10,8.4E-10,8.3E-10,8.1E-10,8.0E-10,7.9E-10,7.8E-10,7.6E-10,7.6E-10,7.5E-10,7.6E-10,7.6E-10,7.6E-10,7.5E-10,7.4E-10,7.5E-10,7.6E-10,7.7E-10,7.6E-10,7.5E-10,7.3E-10,7.1E-10,7.0E-10,6.7E-10,6.3E-10,6.0E-10,5.9E-10,5.9E-10,6.0E-10,6.2E-10,6.6E-10,6.9E-10,7.2E-10,7.4E-10,7.6E-10,7.9E-10,8.1E-10,8.3E-10,8.4E-10,8.3E-10,8.1E-10,7.9E-10
9.8E-10,9.7E-10,9.6E-10,9.5E-10,9.3E-10,9.1E-10,9.0E-10,8.9E-10,8.8E-10,8.7E-10,8.5E-10,8.4E-10,8.3E-10,8.3E-10,8.2E-10,8.2E-10,8.1E-10,8.1E-10,8.0E-10,8.0E-10,8.0E-10,8.1E-10,8.2E-10,8.4E-10,8.4E-10,8.4E-10,8.3E-10,8.2E-10,8.1E-10,8.0E-10,7.9E-10,7.8E-10,7.7E-10,7.6E-10,7.6E-10,7.6E-10,7.6E-10,7.6E-10,7.6E-10,7.6E-10,7.7E-10,7.7E-10,7.6E-10,7.5E-10,7.3E-10,7.1E-10,7.0E-10,6.9E-10,6.8E-10,6.4E-10,6.2E-10,6.2E-10,6.2E-10,6.3E-10,6.5E-10,6.8E-10,7.0E-10,7.2E-10,7.5E-10,7.6E-10,7.9E-10,8.2E-10,8.4E-10,8.5E-10,8.4E-10,8.2E-10,7.8E-10
9.8E-10,9.7E-10,9.6E-10,9.4E-10,9.2E-10,9.0E-10,8.9E-10,8.8E-10,8.7E-10,8.6E-10,8.5E-10,8.4E-10,8.3E-10,8.3E-10,8.2E-10,8.2E-10,8.1E-10,8.0E-10,8.0E-10,8.0E-10,8.0E-10,8.1E-10,8.2E-10,8.3E-10,8.3E-10,8.3E-10,8.3E-10,8.2E-10,8.1E-10,8.1E-10,8.0E-10,8.0E-10,7.9E-10,7.7E-10,7.6E-10,7.6E-10,7.6E-10,7.7E-10,7.7E-10,7.8E-10,7.9E-10,7.8E-10,7.7E-10,7.5E-10,7.2E-10,7.0E-10,6.9E-10,6.9E-10,6.8E-10,6.6E-10,6.5E-10,6.4E-10,6.5E-10,6.6E-10,6.7E-10,7.0E-10,7.2E-10,7.5E-10,7.6E-10,7.8E-10,8.0E-10,8.2E-10,8.5E-10,8.6E-10,8.5E-10,8.3E-10,8.0E-10
9.7E-10,9.6E-10,9.5E-10,9.4E-10,9.2E-10,9.0E-10,8.8E-10,8.7E-10,8.6E-10,8.5E-10,8.4E-10,8.3E-10,8.3E-10,8.3E-10,8.2E-10,8.2E-10,8.1E-10,8.0E-10,8.0E-10,8.0E-10,8.0E-10,8.1E-10,8.2E-10,8.2E-10,8.2E-10,8.2E-10,8.2E-10,8.2E-10,8.2E-10,8.2E-10,8.3E-10,8.2E-10,8.1E-10,7.9E-10,7.8E-10,7.7E-10,7.7E-10,7.8E-10,7.9E-10,8.0E-10,8.0E-10,7.9E-10,7.8E-10,7.5E-10,7.2E-10,7.0E-10,7.0E-10,6.9E-10,6.8E-10,6.7E-10,6.7E-10,6.7E-10,6.7E-10,6.8E-10,7.0E-10,7.3E-10,7.6E-10,7.7E-10,7.8E-10,7.9E-10,8.1E-10,8.4E-10,8.5E-10,8.6E-10,8.5E-10,8.3E-10,8.0E-10
9.6E-10,9.5E-10,9.4E-10,9.3E-10,9.1E-10,9.0E-10,8.8E-10,8.6E-10,8.5E-10,8.4E-10,8.3E-10,8.3E-10,8.3E-10,8.3E-10,8.2E-10,8.1E-10,8.0E-10,7.9E-10,7.9E-10,8.0E-10,8.0E-10,8.1E-10,8.2E-10,8.2E-10,8.2E-10,8.2E-10,8.3E-10,8.4E-10,8.4E-10,8.5E-10,8.5E-10,8.4E-10,8.3E-10,8.1E-10,7.9E-10,7.8E-10,7.9E-10,8.0E-10,8.1E-10,8.1E-10,8.1E-10,8.1E-10,7.8E-10,7.6E-10,7.3E-10,7.2E-10,7.1E-10,7.0E-10,6.9E-10,6.8E-10,6.8E-10,6.9E-10,6.9E-10,7.0E-10,7.3E-10,7.6E-10,7.9E-10,8.0E-10,8.0E-10,8.2E-10,8.3E-10,8.5E-10,8.6E-10,8.6E-10,8.5E-10,8.3E-10,8.1E-10
9.5E-10,9.5E-10,9.4E-10,9.3E-10,9.1E-10,9.0E-10,8.8E-10,8.6E-10,8.5E-10,8.4E-10,8.3E-10,8.3E-10,8.3E-10,8.2E-10,8.2E-10,8.1E-10,8.1E-10,8.0E-10,7.9E-10,8.0E-10,8.0E-10,8.1E-10,8.2E-10,8.2E-10,8.3E-10,8.3E-10,8.4E-10,8.5E-10,8.6E-10,8.6E-10,8.6E-10,8.5E-10,8.4E-10,8.2E-10,8.1E-10,8.0E-10,8.0E-10,8.1E-10,8.1E-10,8.2E-10,8.2E-10,8.1E-10,7.8E-10,7.6E-10,7.5E-10,7.4E-10,7.3E-10,7.1E-10,7.0E-10,7.0E-10,7.0E-10,7.0E-10,7.0E-10,7.2E-10,7.6E-10,7.9E-10,8.1E-10,8.2E-10,8.3E-10,8.4E-10,8.5E-10,8.6E-10,8.6E-10,8.6E-10,8.4E-10,8.3E-10,8.1E-10
9.4E-10,9.4E-10,9.4E-10,9.3E-10,9.1E-10,9.0E-10,8.9E-10,8.8E-10,8.6E-10,8.5E-10,8.4E-10,8.3E-10,8.2E-10,8.1E-10,8.1E-10,8.1E-10,8.2E-10,8.2E-10,8.2E-10,8.2E-10,8.2E-10,8.2E-10,8.3E-10,8.4E-10,8.5E-10,8.5E-10,8.5E-10,8.6E-10,8.7E-10,8.7E-10,8.7E-10,8.7E-10,8.5E-10,8.4E-10,8.2E-10,8.1E-10,8.1E-10,8.1E-10,8.2E-10,8.2E-10,8.2E-10,8.1E-10,7.9E-10,7.8E-10,7.7E-10,7.7E-10,7.5E-10,7.3E-10,7.2E-10,7.1E-10,7.1E-10,7.1E-10,7.2E-10,7.5E-10,7.9E-10,8.2E-10,8.3E-10,8.4E-10,8.5E-10,8.6E-10,8.8E-10,8.8E-10,8.7E-10,8.7E-10,8.4E-10,8.3E-10,8.2E-10
9.5E-10,9.5E-10,9.4E-10,9.4E-10,9.2E-10,9.0E-10,8.9E-10,8.8E-10,8.8E-10,8.7E-10,8.5E-10,8.4E-10,8.1E-10,8.1E-10,8.2E-10,8.3E-10,8.4E-10,8.4E-10,8.5E-10,8.5E-10,8.5E-10,8.5E-10,8.5E-10,8.5E-10,8.6E-10,8.6E-10,8.6E-10,8.6E-10,8.7E-10,8.8E-10,8.8E-10,8.8E-10,8.7E-10,8.5E-10,8.4E-10,8.2E-10,8.1E-10,8.1E-10,8.2E-10,8.2E-10,8.2E-10,8.2E-10,8.1E-10,8.0E-10,8.0E-10,7.9E-10,7.8E-10,7.5E-10,7.3E-10,7.1E-10,7.1E-10,7.2E-10,7.4E-10,7.8E-10,8.1E-10,8.3E-10,8.5E-10,8.6E-10,8.7E-10,8.9E-10,9.0E-10,9.0E-10,8.9E-10,8.8E-10,8.6E-10,8.4E-10,8.2E-10
9.5E-10,9.5E-10,9.5E-10,9.4E-10,9.3E-10,9.1E-10,9.0E-10,8.9E-10,8.9E-10,8.7E-10,8.6E-10,8.4E-10,8.2E-10,8.2E-10,8.4E-10,8.5E-10,8.6E-10,8.7E-10,8.7E-10,8.8E-10,8.8E-10,8.8E-10,8.8E-10,8.7E-10,8.7E-10,8.8E-10,8.8E-10,8.8E-10,8.8E-10,8.9E-10,8.8E-10,8.8E-10,8.8E-10,8.6E-10,8.5E-10,8.4E-10,8.3E-10,8.3E-10,8.3E-10,8.3E-10,8.3E-10,8.3E-10,8.3E-10,8.2E-10,8.2E-10,8.2E-10,8.0E-10,7.7E-10,7.4E-10,7.2E-10,7.2E-10,7.4E-10,7.7E-10,8.1E-10,8.4E-10,8.5E-10,8.6E-10,8.7E-10,8.9E-10,9.0E-10,9.2E-10,9.2E-10,9.1E-10,8.9E-10,8.7E-10,8.4E-10,8.2E-10
9.6E-10,9.5E-10,9.5E-10,9.4E-10,9.3E-10,9.2E-10,9.1E-10,9.1E-10,9.0E-10,8.8E-10,8.6E-10,8.4E-10,8.3E-10,8.4E-10,8.5E-10,8.6E-10,8.8E-10,8.9E-10,9.0E-10,9.0E-10,9.0E-10,9.0E-10,9.0E-10,9.0E-10,8.9E-10,8.9E-10,8.9E-10,8.8E-10,8.9E-10,8.9E-10,8.9E-10,8.9E-10,8.8E-10,8.8E-10,8.7E-10,8.6E-10,8.5E-10,8.4E-10,8.4E-10,8.3E-10,8.3E-10,8.4E-10,8.4E-10,8.4E-10,8.4E-10,8.3E-10,8.1E-10,7.8E-10,7.5E-10,7.3E-10,7.4E-10,7.6E-10,8.0E-10,8.3E-10,8.5E-10,8.6E-10,8.7E-10,8.8E-10,8.9E-10,9.1E-10,9.2E-10,9.3E-10,9.2E-10,9.1E-10,8.7E-10,8.4E-10,8.2E-10
9.6E-10,9.6E-10,9.6E-10,9.5E-10,9.4E-10,9.2E-10,9.2E-10,9.2E-10,9.0E-10,8.8E-10,8.5E-10,8.4E-10,8.5E-10,8.6E-10,8.7E-10,8.9E-10,9.0E-10,9.1E-10,9.1E-10,9.1E-10,9.0E-10,9.0E-10,9.0E-10,9.0E-10,9.0E-10,9.0E-10,8.9E-10,8.9E-10,8.9E-10,8.9E-10,8.9E-10,9.0E-10,8.9E-10,8.9E-10,8.9E-10,8.8E-10,8.7E-10,8.6E-10,8.5E-10,8.5E-10,8.4E-10,8.5E-10,8.5E-10,8.5E-10,8.5E-10,8.4E-10,8.2E-10,7.9E-10,7.7E-10,7.5E-10,7.6E-10,7.8E-10,8.1E-10,8.3E-10,8.5E-10,8.6E-10,8.7E-10,8.8E-10,8.9E-10,9.1E-10,9.2E-10,9.2E-10,9.2E-10,9.0E-10,8.7E-10,8.5E-10,8.2E-10
9.7E-10,9.7E-10,9.7E-10,9.6E-10,9.4E-10,9.3E-10,9.2E-10,9.1E-10,8.9E-10,8.7E-10,8.6E-10,8.6E-10,8.7E-10,8.9E-10,9.0E-10,9.1E-10,9.1E-10,9.2E-10,9.2E-10,9.2E-10,9.1E-10,9.0E-10,8.9E-10,8.9E-10,8.9E-10,9.0E-10,9.0E-10,9.0E-10,8.9E-10,8.9E-10,8.9E-10,9.0E-10,9.0E-10,9.0E-10,9.0E-10,9.0E-10,8.9E-10,8.9E-10,8.8E-10,8.7E-10,8.6E-10,8.5E-10,8.5E-10,8.5E-10,8.5E-10,8.5E-10,8.4E-10,8.1E-10,7.8E-10,7.7E-10,7.7E-10,7.9E-10,8.1E-10,8.3E-10,8.5E-10,8.6E-10,8.7E-10,8.8E-10,9.0E-10,9.1E-10,9.2E-10,9.2E-10,9.2E-10,9.0E-10,8.7E-10,8.5E-10,8.3E-10
9.8E-10,9.8E-10,9.6E-10,9.5E-10,9.4E-10,9.3E-10,9.1E-10,9.0E-10,8.9E-10,8.8E-10,8.9E-10,8.9E-10,9.1E-10,9.1E-10,9.2E-10,9.2E-10,9.3E-10,9.3E-10,9.3E-10,9.2E-10,9.2E-10,9.1E-10,9.0E-10,8.9E-10,8.9E-10,9.0E-10,9.0E-10,9.0E-10,9.1E-10,9.0E-10,9.0E-10,9.0E-10,9.1E-10,9.1E-10,9.1E-10,9.1E-10,9.2E-10,9.1E-10,9.0E-10,8.8E-10,8.7E-10,8.6E-10,8.5E-10,8.5E-10,8.6E-10,8.6E-10,8.5E-10,8.3E-10,8.1E-10,7.9E-10,7.9E-10,8.0E-10,8.1E-10,8.3E-10,8.4E-10,8.6E-10,8.7E-10,8.9E-10,9.1E-10,9.2E-10,9.3E-10,9.3E-10,9.2E-10,9.0E-10,8.8E-10,8.5E-10,8.3E-10
9.9E-10,9.8E-10,9.6E-10,9.5E-10,9.3E-10,9.3E-10,9.2E-10,9.1E-10,9.1E-10,9.1E-10,9.2E-10,9.2E-10,9.3E-10,9.3E-10,9.3E-10,9.4E-10,9.4E-10,9.4E-10,9.3E-10,9.3E-10,9.3E-10,9.3E-10,9.3E-10,9.2E-10,9.1E-10,9.1E-10,9.1E-10,9.2E-10,9.2E-10,9.1E-10,9.1E-10,9.3E-10,9.3E-10,9.4E-10,9.4E-10,9.4E-10,9.4E-10,9.3E-10,9.1E-10,8.9E-10,8.8E-10,8.7E-10,8.6E-10,8.5E-10,8.6E-10,8.6E-10,8.6E-10,8.5E-10,8.4E-10,8.2E-10,8.1E-10,8.1E-10,8.2E-10,8.3E-10,8.5E-10,8.7E-10,8.9E-10,9.0E-10,9.2E-10,9.3E-10,9.4E-10,9.4E-10,9.3E-10,9.1E-10,8.8E-10,8.6E-10,8.4E-10
