scripts/public/data/wind.json
{"header": { "discipline":0, "disciplineName":"Meteorological products", "gribEdition":2, "gribLength":10026, "center":7, "centerName":"US National Weather Service - NCEP(WMC)", "subcenter":0, "refTime":"2019-12-29T00:00:00.000Z", "significanceOfRT":0, "significanceOfRTName":"Analysis", "productStatus":0, "productStatusName":"Operational products", "productType":0, "productTypeName":"Analysis products", "productDefinitionTemplate":0, "productDefinitionTemplateName":"Analysis/forecast at horizontal level/layer at a point in time", "parameterCategory":1, "parameterCategoryName":"Moisture", "parameterNumber":1, "parameterNumberName":"Relative_humidity", "parameterUnit":"percent", "genProcessType":0, "genProcessTypeName":"Analysis", "forecastTime":0, "surface1Type":100, "surface1TypeName":"Isobaric surface", "surface1Value":10000.0, "surface2Type":255, "surface2TypeName":"Missing", "surface2Value":0.0, "gridDefinitionTemplate":0, "gridDefinitionTemplateName":"Latitude_Longitude", "numberPoints":11253, "shape":6, "shapeName":"Earth spherical with radius of 6,371,229.0 m", "gridUnits":"degrees", "resolution":48, "winds":"true", "scanMode":64, "nx":93, "ny":121, "basicAngle":0, "lo1":105.0, "la1":40.0, "lo2":128.0, "la2":70.0, "dx":0.25, "dy":0.25 }, "data":
[rows 43 to 85 of 121, columns 0 to 92 of 93]
1.4,1.4,1.3,1.4,1.4,1.4,1.4,1.5,1.5,1.5,1.5,1.5,1.5,1.5,1.5,1.5,1.6,1.6,1.6,1.7,1.7,1.7,1.7,1.7,1.7,1.7,1.7,1.7,1.7,1.6,1.6,1.6,1.6,1.6,1.5,1.5,1.5,1.5,1.5,1.5,1.5,1.5,1.5,1.4,1.4,1.4,1.4,1.4,1.4,1.4,1.4,1.4,1.4,1.4,1.4,1.4,1.3,1.3,1.3,1.3,1.3,1.2,1.2,1.3,1.3,1.3,1.3,1.2,1.2,1.2,1.2,1.2,1.2,1.1,1.1,1.2,1.2,1.2,1.2,1.3,1.3,1.3,1.3,1.3,1.2,1.2,1.2,1.2,1.2,1.2,1.1,1.1,1.1
1.5,1.4,1.4,1.5,1.5,1.5,1.5,1.5,1.5,1.5,1.5,1.6,1.6,1.6,1.6,1.6,1.7,1.7,1.7,1.7,1.7,1.7,1.7,1.7,1.7,1.7,1.7,1.7,1.6,1.6,1.6,1.6,1.6,1.6,1.6,1.5,1.5,1.5,1.5,1.5,1.5,1.5,1.5,1.4,1.4,1.4,1.4,1.4,1.4,1.4,1.3,1.3,1.3,1.3,1.3,1.3,1.3,1.3,1.3,1.3,1.3,1.3,1.3,1.2,1.3,1.4,1.4,1.4,1.4,1.4,1.4,1.3,1.2,1.1,1.2,1.1,1.3,1.2,1.3,1.3,1.3,1.3,1.4,1.4,1.3,1.3,1.3,1.3,1.3,1.3,1.2,1.2,1.2
1.6,1.6,1.6,1.6,1.6,1.6,1.6,1.6,1.6,1.6,1.7,1.7,1.7,1.7,1.7,1.7,1.7,1.7,1.8,1.7,1.7,1.7,1.7,1.7,1.7,1.7,1.7,1.7,1.7,1.7,1.6,1.6,1.6,1.6,1.6,1.6,1.5,1.5,1.5,1.5,1.5,1.4,1.4,1.4,1.4,1.4,1.4,1.4,1.4,1.4,1.3,1.3,1.3,1.3,1.2,1.2,1.2,1.2,1.2,1.2,1.3,1.3,1.3,1.3,1.4,1.4,1.4,1.4,1.5,1.4,1.4,1.3,1.4,1.3,1.2,1.2,1.3,1.3,1.4,1.4,1.4,1.4,1.4,1.4,1.4,1.4,1.3,1.3,1.3,1.3,1.3,1.2,1.3
1.8,1.8,1.8,1.8,1.7,1.7,1.7,1.7,1.7,1.7,1.7,1.8,1.8,1.8,1.8,1.8,1.8,1.8,1.8,1.8,1.8,1.8,1.8,1.8,1.7,1.7,1.7,1.7,1.7,1.7,1.7,1.7,1.6,1.6,1.6,1.6,1.6,1.5,1.5,1.5,1.5,1.4,1.4,1.4,1.4,1.3,1.3,1.3,1.3,1.3,1.3,1.3,1.3,1.3,1.3,1.2,1.2,1.2,1.2,1.2,1.2,1.2,1.3,1.3,1.3,1.4,1.4,1.4,1.4,1.4,1.4,1.4,1.4,1.4,1.3,1.3,1.3,1.3,1.4,1.4,1.5,1.5,1.5,1.5,1.5,1.4,1.3,1.3,1.3,1.3,1.3,1.3,1.3
1.9,1.9,1.9,1.9,1.9,1.9,1.9,1.8,1.8,1.8,1.8,1.8,1.8,1.8,1.9,1.8,1.8,1.8,1.8,1.8,1.8,1.8,1.8,1.8,1.8,1.7,1.7,1.7,1.7,1.7,1.7,1.7,1.7,1.6,1.6,1.6,1.5,1.5,1.5,1.5,1.4,1.4,1.4,1.4,1.3,1.3,1.3,1.3,1.3,1.3,1.3,1.3,1.3,1.3,1.3,1.2,1.2,1.2,1.1,1.1,1.1,1.1,1.1,1.2,1.2,1.3,1.3,1.4,1.3,1.3,1.4,1.4,1.4,1.4,1.3,1.3,1.4,1.4,1.4,1.4,1.4,1.5,1.5,1.5,1.5,1.4,1.3,1.3,1.3,1.4,1.4,1.3,1.3
2.0,2.0,2.0,2.0,2.0,2.0,2.0,2.0,1.9,1.9,1.9,1.9,1.9,1.9,1.9,1.9,1.9,1.9,1.9,1.9,1.9,1.8,1.8,1.8,1.8,1.7,1.7,1.7,1.7,1.7,1.7,1.7,1.6,1.6,1.6,1.6,1.5,1.5,1.5,1.4,1.4,1.4,1.4,1.4,1.3,1.3,1.3,1.3,1.2,1.2,1.2,1.2,1.2,1.2,1.2,1.2,1.2,1.2,1.2,1.1,1.1,1.1,1.1,1.1,1.1,1.1,1.1,1.3,1.3,1.3,1.3,1.3,1.3,1.4,1.4,1.4,1.3,1.4,1.4,1.4,1.4,1.4,1.4,1.4,1.4,1.4,1.4,1.3,1.4,1.4,1.4,1.4,1.3
2.1,2.1,2.1,2.2,2.1,2.1,2.1,2.1,2.0,2.0,2.0,1.9,1.9,1.9,1.9,1.9,1.9,1.9,1.9,1.8,1.8,1.8,1.8,1.8,1.8,1.7,1.7,1.7,1.7,1.7,1.6,1.6,1.6,1.6,1.6,1.5,1.5,1.5,1.5,1.4,1.4,1.3,1.3,1.3,1.3,1.3,1.3,1.3,1.2,1.2,1.2,1.2,1.1,1.1,1.1,1.1,1.1,1.1,1.1,1.1,1.1,1.1,1.1,1.0,1.0,1.0,1.0,1.1,1.1,1.2,1.2,1.3,1.3,1.4,1.4,1.5,1.4,1.4,1.4,1.4,1.4,1.3,1.3,1.3,1.3,1.4,1.4,1.4,1.3,1.3,1.3,1.3,1.3
2.2,2.2,2.2,2.2,2.2,2.2,2.2,2.1,2.0,2.0,1.9,1.9,1.9,1.8,1.8,1.8,1.8,1.8,1.8,1.8,1.8,1.8,1.8,1.8,1.8,1.7,1.7,1.7,1.6,1.6,1.6,1.6,1.6,1.6,1.5,1.5,1.5,1.5,1.4,1.4,1.4,1.3,1.3,1.3,1.3,1.2,1.2,1.2,1.2,1.2,1.2,1.1,1.1,1.1,1.1,1.1,1.1,1.1,1.1,1.1,1.1,1.1,1.1,1.1,1.1,1.1,1.1,1.1,1.1,1.1,1.1,1.1,1.2,1.3,1.3,1.4,1.4,1.4,1.4,1.3,1.4,1.4,1.4,1.3,1.3,1.3,1.3,1.3,1.2,1.2,1.2,1.2,1.2
2.3,2.3,2.3,2.2,2.2,2.2,2.2,2.1,2.1,2.0,1.9,1.9,1.8,1.8,1.8,1.8,1.8,1.8,1.8,1.8,1.7,1.7,1.7,1.7,1.7,1.7,1.6,1.6,1.6,1.5,1.5,1.5,1.5,1.5,1.5,1.5,1.5,1.4,1.4,1.4,1.4,1.3,1.3,1.3,1.2,1.2,1.2,1.2,1.2,1.1,1.1,1.1,1.1,1.1,1.1,1.1,1.1,1.0,1.0,1.1,1.1,1.1,1.1,1.1,1.1,1.1,1.1,1.1,1.1,1.1,1.1,1.2,1.2,1.2,1.3,1.3,1.3,1.3,1.4,1.4,1.4,1.4,1.4,1.4,1.3,1.3,1.3,1.3,1.3,1.3,1.2,1.2,1.2
2.3,2.3,2.3,2.2,2.2,2.2,2.2,2.2,2.2,2.1,2.0,1.9,1.8,1.8,1.8,1.7,1.7,1.7,1.7,1.7,1.6,1.6,1.6,1.6,1.6,1.6,1.5,1.5,1.4,1.4,1.4,1.4,1.4,1.4,1.4,1.4,1.4,1.4,1.4,1.4,1.3,1.3,1.3,1.2,1.2,1.2,1.2,1.1,1.1,1.1,1.1,1.1,1.1,1.1,1.1,1.1,1.1,1.0,1.0,1.0,1.0,1.1,1.1,1.1,1.1,1.1,1.1,1.1,1.1,1.1,1.1,1.2,1.2,1.2,1.1,1.2,1.2,1.3,1.3,1.3,1.3,1.3,1.4,1.4,1.4,1.3,1.4,1.3,1.3,1.3,1.3,1.3,1.2
2.3,2.3,2.3,2.2,2.2,2.2,2.2,2.2,2.2,2.1,2.1,2.0,1.9,1.8,1.8,1.7,1.7,1.7,1.6,1.6,1.6,1.6,1.5,1.5,1.5,1.5,1.5,1.4,1.4,1.4,1.3,1.3,1.3,1.3,1.3,1.3,1.3,1.3,1.3,1.3,1.3,1.3,1.3,1.2,1.2,1.2,1.1,1.1,1.1,1.1,1.1,1.1,1.1,1.1,1.1,1.1,1.1,1.0,1.0,1.0,1.0,1.0,1.0,1.0,1.0,1.0,1.0,1.0,1.0,1.1,1.1,1.1,1.2,1.2,1.2,1.2,1.2,1.2,1.3,1.3,1.3,1.3,1.4,1.4,1.4,1.4,1.4,1.4,1.3,1.3,1.3,1.3,1.3
2.3,2.3,2.3,2.2,2.2,2.2,2.2,2.2,2.1,2.1,2.1,2.0,1.9,1.9,1.8,1.8,1.7,1.7,1.7,1.6,1.6,1.6,1.5,1.5,1.5,1.5,1.4,1.4,1.4,1.3,1.3,1.3,1.3,1.3,1.3,1.3,1.3,1.3,1.3,1.3,1.3,1.3,1.3,1.2,1.2,1.2,1.2,1.1,1.1,1.1,1.1,1.1,1.1,1.1,1.1,1.1,1.1,1.1,1.0,1.0,1.0,1.0,1.0,1.0,1.1,1.0,1.0,1.1,1.1,1.1,1.1,1.1,1.1,1.2,1.2,1.2,1.2,1.2,1.2,1.2,1.3,1.3,1.3,1.3,1.3,1.4,1.4,1.3,1.3,1.3,1.3,1.3,1.3
2.3,2.3,2.3,2.2,2.1,2.1,2.1,2.1,2.1,2.1,2.0,2.0,1.9,1.9,1.8,1.8,1.8,1.7,1.7,1.7,1.6,1.6,1.5,1.5,1.5,1.5,1.4,1.4,1.4,1.4,1.3,1.3,1.3,1.3,1.3,1.3,1.3,1.3,1.3,1.3,1.3,1.3,1.2,1.2,1.2,1.2,1.2,1.1,1.1,1.1,1.1,1.1,1.1,1.1,1.1,1.1,1.1,1.1,1.0,1.1,1.0,1.0,1.1,1.1,1.1,1.1,1.0,1.1,1.1,1.1,1.1,1.1,1.1,1.2,1.2,1.2,1.2,1.2,1.2,1.2,1.3,1.3,1.3,1.3,1.3,1.3,1.3,1.3,1.3,1.3,1.3,1.3,1.3
2.3,2.2,2.1,2.1,2.1,2.0,2.0,2.0,2.0,2.0,2.0,1.9,1.9,1.8,1.8,1.8,1.7,1.7,1.7,1.6,1.6,1.6,1.6,1.5,1.5,1.4,1.4,1.4,1.4,1.4,1.4,1.4,1.3,1.3,1.3,1.3,1.3,1.3,1.3,1.3,1.3,1.3,1.2,1.2,1.2,1.2,1.2,1.1,1.1,1.1,1.1,1.1,1.1,1.1,1.1,1.1,1.1,1.1,1.1,1.1,1.1,1.1,1.1,1.1,1.2,1.2,1.1,1.1,1.1,1.1,1.1,1.1,1.1,1.1,1.1,1.2,1.2,1.2,1.2,1.2,1.2,1.3,1.3,1.3,1.3,1.3,1.3,1.3,1.3,1.3,1.3,1.3,1.3
2.2,2.2,2.1,2.1,2.1,2.0,2.0,1.9,1.9,1.9,1.9,1.9,1.9,1.8,1.8,1.7,1.7,1.7,1.6,1.6,1.5,1.5,1.5,1.5,1.5,1.4,1.4,1.4,1.4,1.4,1.4,1.4,1.4,1.3,1.3,1.3,1.3,1.3,1.3,1.3,1.3,1.3,1.2,1.2,1.2,1.2,1.2,1.2,1.2,1.2,1.1,1.1,1.1,1.1,1.2,1.2,1.2,1.2,1.2,1.2,1.2,1.2,1.2,1.2,1.2,1.2,1.2,1.2,1.2,1.1,1.1,1.1,1.1,1.1,1.1,1.1,1.2,1.2,1.2,1.2,1.2,1.2,1.2,1.2,1.2,1.2,1.3,1.3,1.3,1.3,1.3,1.4,1.4
2.3,2.2,2.2,2.1,2.0,2.0,1.9,1.9,1.9,1.8,1.8,1.8,1.8,1.8,1.7,1.7,1.7,1.6,1.6,1.5,1.5,1.5,1.5,1.4,1.4,1.4,1.4,1.4,1.4,1.4,1.4,1.4,1.4,1.4,1.4,1.3,1.3,1.3,1.3,1.3,1.3,1.3,1.2,1.2,1.2,1.2,1.2,1.2,1.2,1.2,1.2,1.2,1.2,1.2,1.2,1.2,1.2,1.2,1.2,1.3,1.3,1.3,1.3,1.3,1.3,1.3,1.3,1.2,1.2,1.2,1.1,1.1,1.1,1.1,1.1,1.1,1.1,1.2,1.2,1.2,1.2,1.2,1.2,1.2,1.2,1.2,1.3,1.3,1.3,1.3,1.3,1.3,1.3
2.2,2.2,2.1,2.1,2.0,2.0,1.9,1.9,1.9,1.9,1.9,1.8,1.8,1.8,1.7,1.7,1.7,1.6,1.6,1.5,1.5,1.5,1.5,1.4,1.4,1.4,1.4,1.4,1.4,1.4,1.4,1.4,1.4,1.4,1.4,1.4,1.3,1.3,1.3,1.3,1.3,1.3,1.2,1.2,1.2,1.2,1.2,1.2,1.2,1.2,1.2,1.2,1.2,1.2,1.2,1.2,1.3,1.4,1.4,1.4,1.3,1.3,1.3,1.2,1.2,1.2,1.2,1.2,1.2,1.2,1.1,1.1,1.1,1.1,1.1,1.1,1.1,1.2,1.2,1.2,1.2,1.2,1.2,1.2,1.2,1.2,1.3,1.3,1.3,1.3,1.3,1.3,1.3
2.2,2.2,2.2,2.1,2.0,2.0,2.0,1.9,1.9,1.9,1.9,1.8,1.8,1.7,1.7,1.7,1.7,1.7,1.6,1.6,1.5,1.5,1.5,1.5,1.5,1.5,1.4,1.4,1.4,1.4,1.4,1.4,1.4,1.4,1.4,1.4,1.4,1.4,1.3,1.3,1.3,1.3,1.3,1.2,1.2,1.2,1.2,1.2,1.3,1.2,1.2,1.2,1.2,1.2,1.3,1.3,1.3,1.3,1.3,1.3,1.3,1.3,1.3,1.3,1.3,1.3,1.3,1.2,1.2,1.2,1.2,1.2,1.1,1.1,1.1,1.1,1.1,1.2,1.2,1.2,1.2,1.2,1.2,1.2,1.3,1.3,1.3,1.3,1.3,1.3,1.3,1.3,1.3
2.3,2.2,2.2,2.2,2.1,2.1,2.0,2.0,2.0,1.9,1.9,1.9,1.8,1.8,1.8,1.7,1.7,1.7,1.7,1.7,1.6,1.6,1.6,1.5,1.5,1.5,1.5,1.5,1.4,1.5,1.5,1.5,1.5,1.5,1.5,1.5,1.5,1.4,1.4,1.4,1.3,1.3,1.3,1.3,1.3,1.3,1.3,1.3,1.3,1.3,1.3,1.2,1.3,1.3,1.3,1.4,1.2,1.3,1.3,1.3,1.3,1.3,1.3,1.3,1.3,1.3,1.3,1.3,1.3,1.2,1.2,1.2,1.2,1.2,1.2,1.2,1.2,1.2,1.2,1.2,1.2,1.2,1.3,1.3,1.3,1.3,1.3,1.3,1.3,1.3,1.3,1.3,1.3
2.3,2.3,2.2,2.2,2.1,2.1,2.1,2.0,2.0,2.0,2.0,1.9,1.9,1.8,1.8,1.8,1.7,1.7,1.7,1.7,1.7,1.6,1.6,1.6,1.6,1.5,1.5,1.5,1.5,1.5,1.5,1.5,1.5,1.5,1.5,1.5,1.5,1.4,1.4,1.4,1.4,1.4,1.3,1.3,1.3,1.3,1.3,1.3,1.3,1.3,1.3,1.3,1.3,1.3,1.3,1.4,1.3,1.3,1.3,1.3,1.3,1.3,1.3,1.3,1.3,1.3,1.3,1.3,1.3,1.3,1.3,1.2,1.2,1.2,1.2,1.2,1.2,1.2,1.2,1.2,1.2,1.2,1.3,1.3,1.3,1.3,1.3,1.3,1.3,1.3,1.3,1.3,1.3
2.3,2.3,2.2,2.2,2.2,2.2,2.1,2.1,2.0,2.0,2.0,2.0,1.9,1.9,1.8,1.8,1.7,1.7,1.7,1.7,1.7,1.7,1.6,1.6,1.6,1.6,1.5,1.5,1.5,1.5,1.5,1.5,1.5,1.5,1.5,1.5,1.5,1.5,1.5,1.4,1.4,1.4,1.4,1.4,1.4,1.4,1.3,1.3,1.3,1.3,1.3,1.3,1.3,1.4,1.4,1.4,1.3,1.3,1.3,1.3,1.3,1.3,1.4,1.4,1.4,1.4,1.4,1.4,1.3,1.3,1.3,1.3,1.2,1.2,1.2,1.2,1.2,1.2,1.2,1.2,1.2,1.2,1.2,1.3,1.3,1.3,1.3,1.3,1.3,1.3,1.3,1.3,1.4
2.4,2.3,2.3,2.3,2.2,2.2,2.2,2.2,2.1,2.1,2.0,2.0,2.0,2.0,2.0,1.9,1.9,1.8,1.8,1.8,1.7,1.7,1.7,1.7,1.7,1.6,1.6,1.6,1.6,1.6,1.5,1.5,1.5,1.5,1.5,1.5,1.5,1.5,1.5,1.5,1.5,1.5,1.5,1.5,1.4,1.4,1.4,1.4,1.4,1.4,1.4,1.4,1.5,1.5,1.4,1.4,1.4,1.4,1.3,1.3,1.3,1.4,1.4,1.4,1.4,1.4,1.4,1.4,1.4,1.4,1.3,1.3,1.3,1.3,1.2,1.2,1.2,1.2,1.2,1.2,1.2,1.2,1.2,1.2,1.3,1.3,1.3,1.4,1.4,1.4,1.4,1.4,1.4
2.4,2.4,2.3,2.3,2.2,2.2,2.2,2.2,2.2,2.1,2.1,2.0,2.0,2.0,2.0,2.0,1.9,1.9,1.8,1.8,1.8,1.8,1.8,1.8,1.7,1.7,1.7,1.7,1.6,1.6,1.6,1.6,1.6,1.6,1.5,1.5,1.5,1.5,1.5,1.6,1.6,1.6,1.6,1.5,1.5,1.5,1.5,1.5,1.4,1.4,1.4,1.4,1.5,1.4,1.4,1.5,1.4,1.5,1.4,1.4,1.4,1.4,1.4,1.4,1.4,1.4,1.4,1.4,1.4,1.4,1.4,1.3,1.3,1.3,1.3,1.3,1.2,1.2,1.2,1.2,1.2,1.2,1.2,1.2,1.3,1.3,1.3,1.4,1.4,1.4,1.4,1.4,1.4
2.4,2.4,2.3,2.3,2.3,2.2,2.2,2.2,2.2,2.2,2.1,2.1,2.0,2.0,2.0,2.0,2.0,1.9,1.9,1.9,1.8,1.8,1.8,1.8,1.8,1.8,1.8,1.7,1.7,1.7,1.7,1.7,1.6,1.6,1.6,1.6,1.6,1.6,1.6,1.6,1.6,1.6,1.6,1.6,1.6,1.5,1.5,1.5,1.5,1.5,1.5,1.5,1.5,1.5,1.5,1.6,1.5,1.5,1.4,1.4,1.4,1.4,1.4,1.4,1.4,1.4,1.4,1.4,1.4,1.4,1.4,1.4,1.4,1.3,1.3,1.3,1.3,1.3,1.3,1.3,1.3,1.3,1.3,1.3,1.3,1.3,1.3,1.4,1.4,1.4,1.4,1.4,1.4
2.5,2.4,2.4,2.3,2.3,2.3,2.2,2.2,2.2,2.2,2.2,2.1,2.1,2.0,2.0,2.0,2.0,2.0,1.9,1.9,1.9,1.9,1.9,1.8,1.9,1.9,1.9,1.8,1.8,1.8,1.7,1.7,1.7,1.7,1.7,1.6,1.6,1.6,1.6,1.6,1.6,1.6,1.7,1.7,1.6,1.6,1.6,1.6,1.6,1.5,1.5,1.5,1.5,1.5,1.5,1.5,1.5,1.5,1.5,1.5,1.5,1.5,1.5,1.4,1.4,1.4,1.4,1.4,1.4,1.4,1.4,1.4,1.4,1.4,1.4,1.3,1.3,1.3,1.3,1.3,1.3,1.3,1.3,1.3,1.3,1.3,1.3,1.4,1.4,1.4,1.5,1.5,1.5
2.5,2.5,2.4,2.4,2.3,2.3,2.3,2.3,2.3,2.3,2.2,2.2,2.1,2.1,2.1,2.1,2.0,2.0,2.0,2.0,1.9,1.9,1.9,1.9,1.9,1.9,1.9,1.9,1.9,1.8,1.8,1.8,1.7,1.7,1.7,1.7,1.7,1.7,1.7,1.7,1.7,1.7,1.7,1.7,1.7,1.7,1.7,1.7,1.7,1.6,1.6,1.5,1.6,1.6,1.5,1.5,1.5,1.5,1.5,1.5,1.5,1.5,1.5,1.5,1.5,1.5,1.5,1.5,1.5,1.5,1.5,1.5,1.5,1.4,1.4,1.4,1.4,1.3,1.3,1.3,1.3,1.3,1.3,1.3,1.3,1.3,1.4,1.4,1.4,1.5,1.5,1.5,1.5
2.6,2.6,2.5,2.5,2.4,2.4,2.4,2.4,2.4,2.4,2.4,2.3,2.3,2.2,2.2,2.2,2.1,2.1,2.1,2.1,2.0,2.0,2.0,1.9,1.9,1.9,1.9,1.9,1.9,1.9,1.9,1.8,1.8,1.8,1.8,1.7,1.7,1.7,1.7,1.7,1.7,1.7,1.7,1.8,1.8,1.8,1.8,1.7,1.7,1.7,1.7,1.6,1.6,1.7,1.6,1.6,1.5,1.5,1.5,1.5,1.6,1.6,1.6,1.6,1.6,1.6,1.6,1.6,1.6,1.6,1.6,1.6,1.6,1.5,1.5,1.5,1.4,1.4,1.4,1.4,1.4,1.4,1.4,1.4,1.4,1.4,1.4,1.4,1.5,1.5,1.5,1.6,1.6
2.7,2.7,2.6,2.6,2.5,2.5,2.5,2.5,2.5,2.5,2.5,2.4,2.4,2.4,2.3,2.3,2.2,2.2,2.2,2.2,2.1,2.1,2.0,2.0,2.0,2.0,2.0,2.0,2.0,2.0,1.9,1.9,1.9,1.9,1.9,1.8,1.8,1.8,1.8,1.8,1.8,1.7,1.8,1.8,1.8,1.8,1.8,1.9,1.9,1.9,2.0,1.9,1.8,1.7,1.6,1.6,1.6,1.6,1.6,1.6,1.6,1.6,1.6,1.6,1.6,1.6,1.6,1.6,1.7,1.6,1.6,1.6,1.6,1.6,1.6,1.6,1.5,1.5,1.5,1.5,1.5,1.5,1.5,1.5,1.5,1.5,1.5,1.5,1.5,1.5,1.6,1.6,1.6
2.9,2.8,2.8,2.7,2.7,2.6,2.6,2.6,2.6,2.6,2.6,2.6,2.5,2.5,2.5,2.4,2.4,2.3,2.3,2.3,2.2,2.2,2.2,2.1,2.1,2.1,2.0,2.0,2.0,2.0,2.0,2.0,2.0,1.9,1.9,1.9,1.9,1.9,1.9,1.8,1.8,1.8,1.8,1.8,1.8,1.9,1.9,1.9,1.9,2.1,2.0,1.9,1.8,1.8,1.7,1.7,1.7,1.7,1.7,1.7,1.6,1.6,1.7,1.7,1.7,1.7,1.7,1.7,1.7,1.7,1.7,1.7,1.7,1.7,1.7,1.6,1.6,1.6,1.5,1.5,1.5,1.5,1.5,1.5,1.5,1.5,1.5,1.5,1.5,1.6,1.6,1.6,1.6
3.1,3.0,2.9,2.9,2.9,2.8,2.8,2.7,2.7,2.7,2.7,2.7,2.8,2.7,2.7,2.7,2.6,2.5,2.5,2.4,2.4,2.4,2.3,2.3,2.2,2.2,2.2,2.1,2.1,2.1,2.1,2.1,2.0,2.0,2.0,2.0,2.0,2.0,2.0,2.0,1.9,1.9,1.9,1.9,1.9,1.9,1.9,2.0,2.0,2.1,2.0,2.0,1.9,1.9,1.8,1.7,1.8,1.8,1.8,1.8,1.8,1.8,1.8,1.7,1.7,1.7,1.7,1.8,1.8,1.7,1.7,1.7,1.7,1.7,1.8,1.8,1.7,1.7,1.6,1.6,1.6,1.6,1.6,1.6,1.6,1.6,1.6,1.6,1.6,1.6,1.6,1.6,1.7
3.2,3.1,3.1,3.0,3.0,2.9,2.9,2.9,2.8,2.8,2.8,2.8,2.8,2.8,2.8,2.8,2.7,2.7,2.6,2.6,2.5,2.5,2.5,2.4,2.4,2.3,2.3,2.2,2.2,2.2,2.2,2.2,2.1,2.1,2.1,2.1,2.1,2.1,2.1,2.0,2.0,2.0,2.0,2.0,2.0,2.0,2.0,2.0,2.0,2.1,2.0,2.1,2.0,1.9,1.9,1.8,1.8,1.8,1.8,1.8,1.8,1.8,1.8,1.8,1.8,1.8,1.8,1.8,1.8,1.8,1.8,1.7,1.7,1.8,1.8,1.8,1.8,1.8,1.7,1.7,1.6,1.6,1.6,1.6,1.6,1.6,1.6,1.6,1.6,1.7,1.7,1.7,1.7
3.3,3.3,3.2,3.2,3.1,3.0,3.0,2.9,2.9,2.9,2.9,2.9,2.9,2.9,2.9,2.9,2.9,2.8,2.8,2.7,2.7,2.6,2.6,2.6,2.5,2.5,2.4,2.4,2.4,2.3,2.3,2.2,2.2,2.2,2.2,2.2,2.2,2.2,2.2,2.1,2.1,2.1,2.1,2.1,2.0,2.0,2.0,2.0,2.0,2.1,2.0,2.1,2.1,2.0,1.9,1.9,1.8,1.9,1.9,1.9,1.9,1.9,1.9,1.9,1.9,1.8,1.8,1.8,1.8,1.8,1.8,1.8,1.8,1.8,1.8,1.8,1.8,1.8,1.8,1.7,1.7,1.7,1.7,1.7,1.7,1.7,1.7,1.7,1.7,1.7,1.8,1.8,1.8
3.4,3.4,3.4,3.3,3.2,3.1,3.1,3.0,3.0,3.0,3.0,3.0,3.0,3.0,3.0,3.0,3.0,3.0,3.0,2.9,2.8,2.8,2.7,2.7,2.6,2.6,2.6,2.6,2.5,2.5,2.4,2.4,2.3,2.3,2.3,2.3,2.3,2.3,2.3,2.2,2.2,2.2,2.2,2.1,2.1,2.1,2.1,2.1,2.1,2.1,2.1,2.1,2.2,2.1,2.0,2.0,1.9,1.9,1.9,2.0,2.0,2.0,2.0,1.9,1.9,1.9,1.9,1.9,1.9,1.9,1.9,1.9,1.9,1.9,1.9,1.9,1.9,1.9,1.9,1.8,1.8,1.8,1.7,1.7,1.7,1.8,1.8,1.8,1.8,1.8,1.8,1.8,1.8
3.6,3.6,3.5,3.5,3.4,3.3,3.2,3.2,3.2,3.1,3.1,3.1,3.1,3.1,3.2,3.2,3.1,3.1,3.1,3.1,3.0,2.9,2.8,2.8,2.7,2.7,2.7,2.7,2.7,2.6,2.6,2.5,2.5,2.4,2.4,2.4,2.4,2.4,2.4,2.4,2.3,2.3,2.3,2.3,2.2,2.2,2.2,2.2,2.2,2.1,2.1,2.1,2.2,2.2,2.1,2.1,2.0,2.0,2.0,2.0,2.0,2.0,2.0,2.0,2.0,1.9,1.9,1.9,1.9,1.9,1.9,1.9,1.9,1.9,1.9,1.9,1.9,1.9,1.9,1.9,1.9,1.9,1.8,1.8,1.8,1.8,1.8,1.8,1.8,1.8,1.8,1.8,1.8
3.8,3.7,3.6,3.6,3.6,3.5,3.4,3.3,3.3,3.2,3.2,3.2,3.2,3.3,3.3,3.3,3.2,3.2,3.2,3.2,3.2,3.1,3.0,2.9,2.9,2.8,2.8,2.8,2.8,2.8,2.7,2.7,2.6,2.6,2.5,2.5,2.5,2.5,2.5,2.5,2.5,2.5,2.5,2.4,2.4,2.3,2.3,2.3,2.2,2.2,2.2,2.2,2.2,2.3,2.3,2.2,2.2,2.2,2.1,2.1,2.1,2.1,2.1,2.1,2.0,2.0,2.0,2.0,2.0,2.0,2.0,2.0,2.0,2.0,2.0,2.0,2.0,2.0,2.0,2.0,2.0,2.0,1.9,1.9,1.9,1.9,1.9,1.9,1.9,1.9,1.9,1.8,1.8
3.9,3.9,3.8,3.7,3.7,3.6,3.6,3.5,3.4,3.3,3.3,3.3,3.4,3.4,3.4,3.4,3.4,3.4,3.3,3.3,3.3,3.2,3.1,3.1,3.0,3.0,3.0,2.9,2.9,2.9,2.8,2.8,2.7,2.7,2.6,2.6,2.6,2.6,2.6,2.7,2.7,2.6,2.6,2.6,2.5,2.5,2.4,2.4,2.3,2.3,2.3,2.3,2.2,2.3,2.4,2.4,2.4,2.3,2.3,2.3,2.3,2.2,2.2,2.2,2.1,2.1,2.1,2.1,2.1,2.1,2.1,2.1,2.1,2.1,2.1,2.1,2.1,2.1,2.0,2.0,2.0,2.0,2.0,2.0,2.0,1.9,1.9,1.9,1.9,1.9,1.9,1.9,1.9
4.1,4.1,4.0,3.9,3.8,3.8,3.7,3.7,3.6,3.5,3.5,3.5,3.5,3.6,3.6,3.6,3.6,3.6,3.6,3.5,3.4,3.4,3.3,3.2,3.2,3.1,3.1,3.1,3.1,3.1,3.1,3.0,2.9,2.9,2.8,2.8,2.8,2.8,2.8,2.9,2.8,2.8,2.8,2.7,2.7,2.7,2.6,2.5,2.5,2.5,2.4,2.4,2.4,2.4,2.5,2.5,2.6,2.5,2.5,2.6,2.5,2.4,2.4,2.3,2.3,2.2,2.2,2.2,2.2,2.2,2.2,2.2,2.2,2.2,2.2,2.2,2.2,2.2,2.2,2.1,2.1,2.1,2.0,2.0,2.0,2.0,1.9,1.9,1.9,1.9,1.9,1.9,1.9
4.2,4.2,4.1,4.0,4.0,3.9,3.8,3.8,3.7,3.7,3.6,3.6,3.6,3.7,3.7,3.7,3.7,3.7,3.7,3.7,3.6,3.5,3.4,3.4,3.3,3.3,3.3,3.2,3.2,3.2,3.2,3.1,3.1,3.0,3.0,3.0,3.0,3.0,2.9,2.9,3.0,3.0,2.9,2.9,2.8,2.8,2.7,2.6,2.6,2.6,2.6,2.6,2.6,2.6,2.6,2.7,2.7,2.7,2.7,2.7,2.7,2.6,2.5,2.5,2.4,2.3,2.3,2.3,2.3,2.3,2.3,2.3,2.3,2.2,2.2,2.2,2.2,2.2,2.2,2.2,2.2,2.1,2.1,2.0,2.0,2.0,2.0,2.0,1.9,1.9,1.9,1.9,1.9
4.3,4.3,4.2,4.1,4.1,4.0,4.0,3.9,3.8,3.8,3.8,3.8,3.8,3.8,3.8,3.9,3.9,3.8,3.8,3.8,3.8,3.8,3.7,3.6,3.5,3.5,3.4,3.4,3.4,3.3,3.3,3.2,3.2,3.2,3.1,3.1,3.1,3.1,3.1,3.1,3.1,3.0,3.0,3.0,2.9,2.9,2.8,2.8,2.7,2.7,2.7,2.7,2.7,2.8,2.8,2.8,2.9,2.9,2.9,2.9,2.9,2.8,2.7,2.6,2.6,2.5,2.5,2.4,2.4,2.4,2.4,2.4,2.4,2.3,2.3,2.3,2.3,2.3,2.3,2.3,2.2,2.2,2.1,2.1,2.0,2.0,2.0,2.0,2.0,2.0,2.0,2.0,2.0
4.5,4.4,4.3,4.2,4.2,4.1,4.1,4.0,4.0,3.9,3.9,3.9,3.9,3.9,4.0,4.0,4.0,4.0,4.0,3.9,3.9,3.9,3.9,3.8,3.7,3.7,3.6,3.6,3.5,3.5,3.4,3.4,3.3,3.3,3.3,3.3,3.3,3.3,3.2,3.2,3.2,3.1,3.1,3.1,3.1,3.0,3.0,2.9,2.9,2.9,2.8,2.9,2.9,2.9,3.0,3.0,3.0,3.1,3.1,3.0,3.0,3.0,2.9,2.8,2.7,2.7,2.6,2.6,2.6,2.5,2.5,2.5,2.5,2.4,2.4,2.4,2.3,2.3,2.3,2.3,2.3,2.3,2.2,2.2,2.1,2.1,2.0,2.0,2.0,2.0,2.0,2.0,2.0
4.6,4.5,4.5,4.4,4.3,4.2,4.2,4.2,4.1,4.1,4.1,4.1,4.1,4.1,4.1,4.1,4.1,4.1,4.1,4.1,4.1,4.0,4.0,4.0,4.0,3.9,3.8,3.7,3.7,3.6,3.6,3.5,3.5,3.4,3.4,3.4,3.4,3.4,3.3,3.3,3.3,3.3,3.2,3.2,3.2,3.1,3.1,3.1,3.0,3.0,3.0,3.0,3.1,3.1,3.1,3.1,3.2,3.2,3.2,3.3,3.2,3.1,3.0,3.0,2.9,2.8,2.8,2.7,2.7,2.7,2.6,2.6,2.6,2.6,2.5,2.5,2.4,2.4,2.3,2.3,2.3,2.3,2.3,2.3,2.2,2.2,2.1,2.1,2.0,2.0,2.1,2.1,2.1
4.8,4.7,4.7,4.6,4.5,4.4,4.3,4.3,4.3,4.3,4.2,4.2,4.2,4.2,4.3,4.3,4.3,4.3,4.3,4.3,4.2,4.2,4.1,4.2,4.2,4.1,4.1,4.0,3.9,3.8,3.7,3.7,3.6,3.6,3.6,3.5,3.5,3.5,3.4,3.4,3.4,3.4,3.3,3.3,3.3,3.3,3.3,3.2,3.2,3.2,3.1,3.2,3.2,3.2,3.2,3.2,3.3,3.4,3.4,3.4,3.4,3.2,3.2,3.1,3.1,3.0,3.0,2.9,2.8,2.8,2.8,2.8,2.7,2.7,2.7,2.7,2.6,2.5,2.4,2.4,2.3,2.3,2.3,2.3,2.3,2.3,2.2,2.2,2.1,2.1,2.1,2.1,2.2
5.0,4.9,4.8,4.7,4.6,4.6,4.5,4.5,4.5,4.4,4.4,4.4,4.4,4.4,4.4,4.4,4.4,4.4,4.4,4.4,4.4,4.4,4.3,4.3,4.3,4.3,4.3,4.2,4.1,4.0,3.9,3.9,3.8,3.7,3.7,3.7,3.6,3.6,3.6,3.6,3.5,3.5,3.5,3.4,3.4,3.4,3.4,3.4,3.4,3.4,3.3,3.3,3.3,3.3,3.3,3.4,3.4,3.5,3.5,3.5,3.4,3.4,3.4,3.2,3.2,3.2,3.1,3.1,3.0,2.9,2.9,2.9,2.8,2.8,2.8,2.8,2.7,2.6,2.6,2.5,2.4,2.4,2.3,2.3,2.3,2.3,2.3,2.3,2.3,2.2,2.2,2.2,2.2
