scripts/public/data/wind.json
{"header": { "discipline":0, "disciplineName":"Meteorological products", "gribEdition":2, "gribLength":14246, "center":7, "centerName":"US National Weather Service - NCEP(WMC)", "subcenter":0, "refTime":"2019-12-29T00:00:00.000Z", "significanceOfRT":0, "significanceOfRTName":"Analysis", "productStatus":0, "productStatusName":"Operational products", "productType":0, "productTypeName":"Analysis products", "productDefinitionTemplate":0, "productDefinitionTemplateName":"Analysis/forecast at horizontal level/layer at a point in time", "parameterCategory":1, "parameterCategoryName":"Moisture", "parameterNumber":1, "parameterNumberName":"Relative_humidity", "parameterUnit":"percent", "genProcessType":0, "genProcessTypeName":"Analysis", "forecastTime":0, "surface1Type":4, "surface1TypeName":"Level of 0o C isotherm", "surface1Value":0.0, "surface2Type":255, "surface2TypeName":"Missing", "surface2Value":0.0, "gridDefinitionTemplate":0, "gridDefinitionTemplateName":"Latitude_Longitude", "numberPoints":11253, "shape":6, "shapeName":"Earth spherical with radius of 6,371,229.0 m", "gridUnits":"degrees", "resolution":48, "winds":"true", "scanMode":64, "nx":93, "ny":121, "basicAngle":0, "lo1":105.0, "la1":40.0, "lo2":128.0, "la2":70.0, "dx":0.25, "dy":0.25 }, "data":
[rows 37 to 73 of 121, columns 0 to 82 of 93]
99.0,100.0,97.0,94.0,91.0,90.0,86.0,88.0,89.0,91.0,94.0,97.0,98.0,97.0,93.0,96.0,100.0,99.0,97.0,97.0,97.0,92.0,96.0,94.0,92.0,96.0,98.0,94.0,97.0,99.0,98.0,96.0,97.0,95.0,94.0,85.0,81.0,85.0,85.0,85.0,87.0,88.0,89.0,91.0,92.0,91.0,90.0,81.0,82.0,82.0,81.0,83.0,86.0,87.0,91.0,92.0,95.0,97.0,97.0,97.0,96.0,95.0,96.0,97.0,97.0,96.0,97.0,97.0,98.0,97.0,96.0,95.0,96.0,94.0,91.0,92.0,94.0,94.0,91.0,90.0,88.0,87.0,88.0
96.0,99.0,97.0,89.0,90.0,89.0,87.0,85.0,82.0,83.0,89.0,93.0,95.0,99.0,98.0,96.0,98.0,99.0,99.0,99.0,99.0,98.0,94.0,91.0,88.0,96.0,98.0,97.0,97.0,93.0,95.0,98.0,87.0,80.0,73.0,70.0,68.0,69.0,79.0,84.0,85.0,85.0,84.0,84.0,85.0,87.0,85.0,85.0,81.0,81.0,85.0,83.0,84.0,88.0,86.0,91.0,93.0,95.0,94.0,96.0,96.0,96.0,97.0,97.0,97.0,98.0,97.0,97.0,99.0,98.0,97.0,95.0,96.0,95.0,90.0,96.0,94.0,93.0,92.0,91.0,89.0,88.0,87.0
99.0,97.0,95.0,96.0,91.0,90.0,94.0,87.0,86.0,83.0,80.0,90.0,95.0,99.0,100.0,100.0,98.0,100.0,99.0,99.0,100.0,97.0,100.0,100.0,97.0,95.0,91.0,89.0,94.0,86.0,75.0,90.0,91.0,86.0,82.0,78.0,72.0,71.0,69.0,82.0,85.0,84.0,87.0,87.0,86.0,83.0,83.0,83.0,83.0,80.0,83.0,85.0,84.0,81.0,87.0,91.0,90.0,90.0,92.0,89.0,92.0,95.0,95.0,94.0,96.0,95.0,95.0,95.0,96.0,97.0,98.0,94.0,93.0,92.0,89.0,89.0,92.0,95.0,94.0,93.0,92.0,90.0,89.0
77.0,68.0,84.0,89.0,92.0,87.0,90.0,89.0,86.0,84.0,83.0,83.0,86.0,96.0,100.0,99.0,98.0,98.0,99.0,99.0,99.0,99.0,99.0,99.0,100.0,99.0,93.0,91.0,92.0,96.0,83.0,89.0,98.0,99.0,95.0,92.0,79.0,73.0,75.0,85.0,86.0,85.0,85.0,89.0,85.0,83.0,78.0,79.0,83.0,83.0,85.0,87.0,90.0,90.0,86.0,88.0,91.0,91.0,88.0,90.0,93.0,91.0,89.0,90.0,90.0,92.0,94.0,98.0,98.0,98.0,98.0,96.0,93.0,92.0,91.0,91.0,91.0,94.0,94.0,94.0,94.0,92.0,90.0
84.0,77.0,70.0,70.0,78.0,88.0,88.0,82.0,83.0,83.0,85.0,90.0,87.0,85.0,92.0,96.0,99.0,99.0,98.0,99.0,99.0,98.0,97.0,99.0,99.0,99.0,100.0,99.0,98.0,97.0,90.0,87.0,88.0,91.0,93.0,94.0,89.0,83.0,83.0,86.0,85.0,86.0,89.0,87.0,85.0,84.0,83.0,79.0,80.0,86.0,87.0,87.0,87.0,87.0,91.0,91.0,91.0,91.0,89.0,84.0,84.0,87.0,89.0,92.0,90.0,90.0,93.0,96.0,96.0,93.0,93.0,93.0,93.0,93.0,93.0,94.0,96.0,95.0,95.0,94.0,93.0,94.0,92.0
78.0,81.0,77.0,71.0,73.0,88.0,92.0,85.0,79.0,77.0,78.0,81.0,88.0,90.0,92.0,95.0,98.0,98.0,98.0,99.0,99.0,99.0,99.0,99.0,100.0,99.0,98.0,98.0,97.0,98.0,96.0,90.0,87.0,88.0,89.0,91.0,88.0,84.0,79.0,84.0,82.0,86.0,92.0,91.0,91.0,90.0,81.0,86.0,88.0,87.0,85.0,86.0,88.0,88.0,88.0,90.0,92.0,94.0,91.0,86.0,85.0,86.0,86.0,89.0,90.0,90.0,91.0,90.0,90.0,90.0,91.0,92.0,92.0,94.0,93.0,93.0,93.0,94.0,94.0,93.0,94.0,94.0,94.0
82.0,75.0,75.0,75.0,78.0,82.0,83.0,82.0,82.0,83.0,86.0,86.0,85.0,88.0,91.0,95.0,98.0,99.0,99.0,99.0,99.0,98.0,99.0,97.0,98.0,99.0,99.0,99.0,98.0,98.0,98.0,98.0,96.0,95.0,93.0,97.0,95.0,91.0,82.0,86.0,85.0,89.0,93.0,93.0,91.0,92.0,84.0,88.0,91.0,93.0,94.0,95.0,87.0,84.0,85.0,92.0,90.0,91.0,99.0,90.0,88.0,88.0,86.0,88.0,88.0,89.0,90.0,89.0,89.0,88.0,88.0,88.0,89.0,90.0,90.0,90.0,91.0,91.0,92.0,91.0,91.0,93.0,93.0
96.0,90.0,83.0,80.0,80.0,79.0,79.0,82.0,79.0,83.0,87.0,89.0,91.0,91.0,90.0,96.0,98.0,98.0,99.0,99.0,95.0,95.0,96.0,97.0,99.0,97.0,94.0,95.0,98.0,100.0,99.0,99.0,99.0,99.0,97.0,98.0,97.0,91.0,88.0,86.0,85.0,88.0,93.0,97.0,97.0,94.0,86.0,94.0,96.0,95.0,95.0,95.0,97.0,99.0,94.0,88.0,93.0,91.0,94.0,97.0,97.0,93.0,92.0,90.0,91.0,90.0,88.0,87.0,86.0,89.0,87.0,88.0,89.0,88.0,88.0,88.0,90.0,91.0,90.0,91.0,92.0,92.0,92.0
100.0,95.0,88.0,89.0,87.0,88.0,79.0,88.0,89.0,89.0,90.0,88.0,91.0,90.0,96.0,97.0,98.0,100.0,99.0,97.0,98.0,99.0,97.0,99.0,100.0,98.0,99.0,96.0,89.0,92.0,98.0,99.0,100.0,99.0,97.0,98.0,99.0,97.0,91.0,84.0,85.0,90.0,93.0,94.0,94.0,95.0,96.0,98.0,99.0,98.0,99.0,99.0,98.0,99.0,97.0,95.0,94.0,93.0,93.0,98.0,97.0,98.0,98.0,97.0,97.0,98.0,97.0,93.0,89.0,87.0,86.0,87.0,85.0,86.0,87.0,85.0,89.0,89.0,89.0,90.0,90.0,91.0,93.0
98.0,90.0,98.0,100.0,99.0,99.0,96.0,89.0,86.0,86.0,96.0,100.0,98.0,96.0,97.0,98.0,99.0,98.0,98.0,98.0,99.0,98.0,99.0,98.0,97.0,98.0,99.0,99.0,98.0,93.0,91.0,86.0,92.0,96.0,91.0,91.0,93.0,92.0,89.0,91.0,86.0,88.0,90.0,93.0,93.0,96.0,97.0,99.0,100.0,100.0,99.0,98.0,97.0,99.0,99.0,97.0,96.0,98.0,97.0,98.0,98.0,96.0,96.0,100.0,100.0,97.0,98.0,97.0,96.0,88.0,84.0,85.0,88.0,90.0,94.0,89.0,88.0,91.0,92.0,93.0,91.0,89.0,90.0
99.0,100.0,99.0,96.0,98.0,99.0,98.0,95.0,88.0,85.0,93.0,95.0,94.0,92.0,91.0,99.0,99.0,99.0,97.0,92.0,93.0,98.0,99.0,99.0,99.0,98.0,96.0,95.0,94.0,99.0,96.0,90.0,89.0,90.0,85.0,87.0,88.0,86.0,83.0,89.0,89.0,91.0,90.0,91.0,95.0,98.0,100.0,100.0,99.0,99.0,100.0,100.0,98.0,97.0,97.0,98.0,99.0,98.0,96.0,96.0,97.0,98.0,99.0,99.0,100.0,98.0,96.0,96.0,97.0,92.0,87.0,84.0,85.0,88.0,92.0,95.0,91.0,87.0,90.0,92.0,90.0,89.0,90.0
93.0,88.0,99.0,98.0,97.0,98.0,90.0,86.0,90.0,99.0,100.0,98.0,90.0,86.0,87.0,93.0,95.0,98.0,96.0,95.0,99.0,100.0,99.0,99.0,99.0,100.0,98.0,94.0,90.0,92.0,86.0,86.0,84.0,79.0,87.0,85.0,84.0,83.0,84.0,85.0,88.0,89.0,88.0,90.0,93.0,95.0,98.0,100.0,100.0,100.0,99.0,99.0,99.0,100.0,98.0,96.0,98.0,99.0,99.0,99.0,98.0,98.0,99.0,100.0,98.0,96.0,98.0,99.0,99.0,95.0,93.0,90.0,88.0,90.0,91.0,95.0,93.0,89.0,89.0,93.0,91.0,90.0,90.0
95.0,94.0,93.0,100.0,100.0,96.0,99.0,94.0,99.0,98.0,96.0,97.0,99.0,99.0,91.0,95.0,96.0,97.0,96.0,96.0,97.0,99.0,97.0,97.0,100.0,98.0,93.0,91.0,92.0,86.0,87.0,88.0,86.0,82.0,82.0,87.0,81.0,81.0,83.0,87.0,91.0,91.0,91.0,91.0,92.0,91.0,92.0,94.0,96.0,98.0,99.0,99.0,98.0,99.0,100.0,98.0,97.0,97.0,98.0,98.0,99.0,100.0,97.0,96.0,95.0,93.0,93.0,92.0,95.0,97.0,95.0,92.0,91.0,91.0,89.0,91.0,94.0,93.0,92.0,92.0,91.0,89.0,90.0
96.0,96.0,97.0,95.0,92.0,99.0,100.0,100.0,92.0,90.0,83.0,85.0,99.0,99.0,99.0,92.0,90.0,90.0,96.0,92.0,90.0,93.0,92.0,92.0,94.0,93.0,92.0,90.0,89.0,88.0,86.0,84.0,87.0,88.0,89.0,85.0,84.0,84.0,82.0,83.0,87.0,91.0,93.0,92.0,90.0,91.0,89.0,89.0,91.0,92.0,95.0,96.0,97.0,97.0,98.0,99.0,99.0,98.0,97.0,97.0,98.0,98.0,97.0,97.0,94.0,91.0,92.0,94.0,96.0,95.0,96.0,97.0,94.0,96.0,95.0,92.0,92.0,92.0,90.0,91.0,91.0,91.0,92.0
97.0,97.0,98.0,97.0,98.0,97.0,89.0,100.0,100.0,94.0,93.0,87.0,82.0,92.0,98.0,99.0,98.0,97.0,96.0,98.0,99.0,91.0,95.0,95.0,90.0,89.0,88.0,87.0,89.0,87.0,87.0,87.0,87.0,87.0,91.0,91.0,88.0,82.0,81.0,81.0,84.0,87.0,90.0,92.0,93.0,91.0,89.0,92.0,91.0,91.0,93.0,96.0,98.0,97.0,96.0,98.0,98.0,99.0,98.0,98.0,97.0,98.0,98.0,97.0,99.0,98.0,94.0,94.0,95.0,97.0,95.0,96.0,95.0,97.0,95.0,92.0,91.0,92.0,92.0,95.0,92.0,92.0,94.0
91.0,94.0,98.0,98.0,100.0,100.0,94.0,91.0,79.0,99.0,100.0,100.0,98.0,99.0,93.0,95.0,97.0,98.0,100.0,100.0,100.0,100.0,98.0,95.0,90.0,87.0,90.0,90.0,91.0,89.0,84.0,87.0,88.0,87.0,90.0,91.0,92.0,90.0,84.0,86.0,89.0,89.0,91.0,96.0,97.0,97.0,93.0,93.0,93.0,93.0,91.0,91.0,94.0,93.0,94.0,94.0,96.0,97.0,98.0,97.0,96.0,99.0,99.0,99.0,100.0,96.0,97.0,97.0,95.0,94.0,93.0,98.0,96.0,96.0,95.0,93.0,92.0,93.0,93.0,93.0,94.0,94.0,94.0
93.0,93.0,95.0,100.0,100.0,99.0,100.0,100.0,93.0,82.0,97.0,88.0,100.0,99.0,100.0,91.0,97.0,97.0,100.0,98.0,100.0,100.0,100.0,94.0,90.0,90.0,90.0,91.0,90.0,90.0,88.0,85.0,86.0,87.0,91.0,91.0,91.0,94.0,91.0,91.0,91.0,91.0,92.0,92.0,92.0,94.0,97.0,99.0,99.0,96.0,91.0,87.0,89.0,94.0,92.0,93.0,95.0,95.0,97.0,100.0,99.0,97.0,97.0,97.0,98.0,97.0,98.0,99.0,99.0,96.0,93.0,94.0,94.0,95.0,94.0,94.0,94.0,95.0,95.0,95.0,95.0,94.0,94.0
95.0,96.0,96.0,95.0,98.0,100.0,100.0,100.0,100.0,99.0,90.0,94.0,100.0,96.0,94.0,98.0,97.0,96.0,98.0,94.0,95.0,100.0,100.0,100.0,89.0,88.0,89.0,89.0,91.0,88.0,87.0,86.0,84.0,88.0,90.0,92.0,96.0,93.0,92.0,94.0,94.0,89.0,92.0,96.0,98.0,96.0,95.0,97.0,94.0,91.0,87.0,90.0,91.0,91.0,91.0,93.0,96.0,95.0,92.0,95.0,96.0,99.0,97.0,98.0,98.0,96.0,95.0,96.0,95.0,95.0,95.0,95.0,95.0,94.0,94.0,95.0,96.0,95.0,94.0,92.0,91.0,92.0,91.0
93.0,94.0,97.0,95.0,95.0,97.0,99.0,98.0,99.0,99.0,95.0,85.0,88.0,94.0,92.0,92.0,98.0,92.0,96.0,91.0,94.0,94.0,95.0,99.0,99.0,83.0,78.0,84.0,90.0,92.0,89.0,87.0,85.0,86.0,87.0,89.0,92.0,95.0,95.0,97.0,99.0,96.0,92.0,91.0,97.0,98.0,96.0,98.0,98.0,97.0,97.0,92.0,94.0,93.0,92.0,93.0,92.0,95.0,94.0,93.0,93.0,92.0,91.0,92.0,92.0,91.0,93.0,93.0,93.0,93.0,93.0,93.0,94.0,93.0,94.0,93.0,93.0,93.0,91.0,90.0,90.0,90.0,91.0
92.0,95.0,95.0,93.0,92.0,95.0,95.0,97.0,96.0,96.0,98.0,98.0,100.0,90.0,90.0,94.0,100.0,94.0,91.0,98.0,89.0,93.0,95.0,97.0,99.0,97.0,88.0,87.0,95.0,94.0,90.0,83.0,84.0,86.0,86.0,88.0,89.0,93.0,92.0,95.0,98.0,97.0,96.0,93.0,98.0,100.0,100.0,98.0,99.0,100.0,100.0,98.0,95.0,99.0,97.0,96.0,96.0,98.0,96.0,95.0,95.0,95.0,92.0,92.0,93.0,92.0,90.0,87.0,87.0,89.0,89.0,90.0,91.0,91.0,91.0,92.0,93.0,93.0,90.0,88.0,88.0,88.0,88.0
95.0,97.0,96.0,94.0,94.0,94.0,94.0,97.0,99.0,98.0,96.0,96.0,97.0,77.0,73.0,93.0,97.0,95.0,86.0,95.0,95.0,88.0,97.0,96.0,97.0,100.0,100.0,98.0,96.0,93.0,85.0,78.0,79.0,81.0,85.0,85.0,86.0,89.0,89.0,93.0,95.0,97.0,96.0,99.0,95.0,97.0,99.0,100.0,100.0,99.0,99.0,98.0,93.0,97.0,99.0,99.0,99.0,96.0,96.0,100.0,99.0,100.0,100.0,97.0,95.0,95.0,94.0,91.0,89.0,88.0,91.0,91.0,90.0,89.0,89.0,90.0,91.0,90.0,88.0,86.0,84.0,85.0,88.0
95.0,96.0,97.0,95.0,95.0,97.0,98.0,97.0,97.0,99.0,98.0,98.0,97.0,94.0,83.0,85.0,90.0,94.0,94.0,96.0,100.0,94.0,74.0,87.0,93.0,99.0,100.0,100.0,90.0,86.0,76.0,77.0,81.0,87.0,84.0,83.0,85.0,85.0,83.0,89.0,94.0,96.0,96.0,95.0,95.0,97.0,98.0,99.0,99.0,100.0,100.0,99.0,99.0,98.0,95.0,97.0,99.0,100.0,99.0,95.0,99.0,100.0,100.0,100.0,99.0,100.0,100.0,100.0,99.0,99.0,99.0,93.0,92.0,92.0,92.0,91.0,94.0,93.0,93.0,90.0,92.0,98.0,94.0
98.0,97.0,98.0,97.0,96.0,95.0,97.0,96.0,99.0,98.0,98.0,98.0,97.0,96.0,93.0,70.0,86.0,87.0,84.0,91.0,99.0,100.0,98.0,71.0,76.0,84.0,99.0,91.0,74.0,72.0,81.0,80.0,96.0,92.0,88.0,85.0,86.0,84.0,77.0,84.0,88.0,92.0,93.0,93.0,96.0,100.0,99.0,98.0,99.0,99.0,100.0,100.0,100.0,98.0,94.0,96.0,96.0,98.0,100.0,99.0,100.0,97.0,98.0,100.0,99.0,100.0,100.0,100.0,100.0,100.0,99.0,99.0,97.0,96.0,92.0,93.0,92.0,99.0,98.0,95.0,95.0,92.0,92.0
94.0,95.0,97.0,98.0,98.0,97.0,96.0,95.0,96.0,97.0,99.0,98.0,98.0,94.0,81.0,69.0,69.0,80.0,86.0,83.0,90.0,100.0,94.0,80.0,74.0,80.0,83.0,87.0,72.0,68.0,99.0,99.0,96.0,93.0,85.0,83.0,78.0,76.0,83.0,82.0,85.0,87.0,91.0,92.0,97.0,98.0,100.0,99.0,100.0,100.0,100.0,100.0,98.0,97.0,91.0,94.0,94.0,92.0,95.0,99.0,100.0,100.0,98.0,99.0,100.0,100.0,100.0,100.0,100.0,100.0,100.0,100.0,100.0,100.0,97.0,96.0,97.0,94.0,96.0,96.0,95.0,94.0,95.0
93.0,97.0,96.0,94.0,94.0,94.0,92.0,95.0,97.0,97.0,97.0,97.0,97.0,97.0,83.0,66.0,52.0,75.0,86.0,78.0,71.0,76.0,83.0,87.0,67.0,83.0,83.0,99.0,99.0,82.0,95.0,81.0,79.0,79.0,83.0,94.0,96.0,92.0,83.0,74.0,71.0,82.0,75.0,87.0,97.0,100.0,99.0,99.0,98.0,99.0,99.0,98.0,98.0,98.0,90.0,84.0,83.0,88.0,88.0,90.0,94.0,96.0,100.0,99.0,97.0,99.0,100.0,100.0,100.0,100.0,100.0,99.0,100.0,98.0,100.0,99.0,99.0,97.0,93.0,91.0,92.0,94.0,96.0
90.0,95.0,96.0,96.0,94.0,95.0,94.0,96.0,97.0,96.0,96.0,98.0,97.0,96.0,83.0,68.0,57.0,73.0,85.0,73.0,66.0,75.0,80.0,75.0,87.0,91.0,99.0,99.0,100.0,100.0,100.0,98.0,97.0,86.0,82.0,81.0,86.0,86.0,83.0,81.0,84.0,80.0,78.0,88.0,100.0,98.0,93.0,94.0,88.0,81.0,83.0,86.0,85.0,86.0,85.0,76.0,76.0,76.0,76.0,81.0,84.0,88.0,94.0,97.0,97.0,99.0,100.0,98.0,100.0,100.0,100.0,100.0,100.0,100.0,98.0,98.0,97.0,95.0,91.0,89.0,91.0,93.0,91.0
91.0,94.0,96.0,95.0,94.0,96.0,98.0,97.0,100.0,95.0,95.0,98.0,98.0,97.0,92.0,81.0,71.0,67.0,65.0,66.0,70.0,70.0,70.0,72.0,90.0,99.0,97.0,95.0,97.0,100.0,99.0,82.0,89.0,92.0,100.0,91.0,90.0,91.0,82.0,77.0,79.0,77.0,85.0,94.0,97.0,96.0,97.0,90.0,83.0,81.0,90.0,85.0,80.0,82.0,81.0,85.0,83.0,82.0,72.0,80.0,79.0,81.0,86.0,91.0,93.0,96.0,98.0,99.0,99.0,96.0,98.0,100.0,100.0,94.0,92.0,92.0,91.0,91.0,89.0,91.0,94.0,95.0,97.0
90.0,90.0,92.0,95.0,96.0,96.0,96.0,97.0,98.0,93.0,94.0,97.0,96.0,94.0,95.0,90.0,77.0,71.0,72.0,75.0,73.0,72.0,81.0,82.0,87.0,98.0,97.0,92.0,89.0,96.0,100.0,100.0,99.0,96.0,94.0,93.0,90.0,79.0,97.0,92.0,89.0,88.0,89.0,96.0,96.0,100.0,99.0,95.0,89.0,84.0,76.0,82.0,82.0,90.0,94.0,88.0,85.0,78.0,78.0,74.0,74.0,76.0,85.0,95.0,98.0,97.0,98.0,98.0,99.0,96.0,94.0,90.0,91.0,91.0,89.0,89.0,89.0,91.0,92.0,98.0,100.0,100.0,100.0
90.0,92.0,93.0,96.0,96.0,95.0,95.0,96.0,96.0,93.0,97.0,98.0,97.0,96.0,98.0,99.0,97.0,93.0,95.0,92.0,93.0,94.0,87.0,82.0,92.0,82.0,80.0,83.0,85.0,86.0,82.0,91.0,99.0,100.0,88.0,81.0,71.0,73.0,78.0,77.0,80.0,82.0,94.0,97.0,99.0,97.0,97.0,89.0,95.0,96.0,98.0,97.0,93.0,93.0,93.0,85.0,85.0,84.0,84.0,86.0,86.0,90.0,92.0,90.0,93.0,98.0,99.0,99.0,99.0,95.0,90.0,89.0,90.0,91.0,90.0,91.0,93.0,100.0,100.0,100.0,100.0,100.0,100.0
90.0,91.0,93.0,93.0,95.0,95.0,94.0,93.0,96.0,94.0,95.0,97.0,97.0,95.0,97.0,98.0,98.0,99.0,100.0,100.0,99.0,100.0,100.0,100.0,99.0,99.0,100.0,97.0,91.0,95.0,87.0,94.0,95.0,99.0,99.0,99.0,92.0,79.0,81.0,85.0,85.0,87.0,93.0,99.0,93.0,93.0,84.0,84.0,81.0,83.0,86.0,77.0,91.0,99.0,100.0,100.0,100.0,95.0,91.0,90.0,93.0,86.0,88.0,90.0,100.0,99.0,100.0,97.0,90.0,92.0,95.0,97.0,98.0,98.0,98.0,99.0,99.0,100.0,100.0,100.0,100.0,100.0,100.0
89.0,89.0,90.0,91.0,92.0,94.0,95.0,96.0,96.0,94.0,94.0,95.0,98.0,98.0,95.0,92.0,98.0,96.0,100.0,100.0,100.0,100.0,100.0,100.0,99.0,100.0,97.0,97.0,100.0,100.0,100.0,100.0,100.0,100.0,100.0,100.0,100.0,100.0,100.0,99.0,96.0,99.0,95.0,98.0,99.0,96.0,99.0,100.0,99.0,99.0,93.0,71.0,68.0,93.0,100.0,100.0,99.0,100.0,98.0,100.0,91.0,87.0,84.0,94.0,97.0,97.0,97.0,99.0,98.0,99.0,100.0,100.0,100.0,99.0,100.0,100.0,100.0,97.0,98.0,99.0,99.0,100.0,100.0
92.0,92.0,92.0,92.0,93.0,93.0,93.0,94.0,94.0,94.0,94.0,94.0,95.0,98.0,95.0,90.0,99.0,99.0,99.0,100.0,100.0,100.0,99.0,100.0,100.0,100.0,99.0,97.0,96.0,99.0,99.0,99.0,100.0,100.0,100.0,100.0,95.0,99.0,100.0,100.0,100.0,99.0,98.0,98.0,99.0,100.0,100.0,99.0,100.0,99.0,100.0,98.0,95.0,82.0,99.0,99.0,96.0,100.0,100.0,97.0,87.0,86.0,85.0,87.0,93.0,95.0,100.0,100.0,99.0,97.0,97.0,97.0,99.0,100.0,100.0,98.0,97.0,100.0,100.0,99.0,99.0,98.0,98.0
92.0,92.0,92.0,93.0,93.0,93.0,93.0,93.0,94.0,93.0,93.0,94.0,95.0,98.0,98.0,98.0,91.0,95.0,98.0,100.0,99.0,98.0,97.0,99.0,100.0,100.0,100.0,100.0,99.0,99.0,100.0,100.0,100.0,100.0,100.0,95.0,99.0,100.0,100.0,100.0,98.0,96.0,97.0,99.0,100.0,99.0,97.0,99.0,100.0,100.0,99.0,99.0,99.0,100.0,99.0,98.0,96.0,100.0,99.0,99.0,100.0,100.0,94.0,86.0,88.0,92.0,93.0,100.0,99.0,100.0,99.0,99.0,100.0,100.0,97.0,96.0,97.0,99.0,99.0,100.0,100.0,96.0,96.0
93.0,93.0,93.0,93.0,92.0,92.0,92.0,91.0,93.0,93.0,92.0,93.0,95.0,98.0,98.0,98.0,98.0,96.0,92.0,97.0,99.0,100.0,100.0,100.0,100.0,100.0,100.0,98.0,98.0,100.0,100.0,100.0,100.0,100.0,97.0,94.0,96.0,100.0,100.0,99.0,94.0,97.0,99.0,99.0,100.0,99.0,99.0,100.0,100.0,100.0,97.0,94.0,97.0,95.0,98.0,100.0,100.0,99.0,98.0,99.0,100.0,99.0,99.0,99.0,98.0,94.0,93.0,100.0,100.0,100.0,100.0,100.0,99.0,99.0,98.0,98.0,98.0,97.0,97.0,99.0,99.0,97.0,93.0
94.0,95.0,94.0,95.0,93.0,93.0,92.0,92.0,92.0,92.0,91.0,93.0,94.0,96.0,96.0,97.0,97.0,97.0,97.0,97.0,96.0,93.0,94.0,92.0,96.0,93.0,98.0,99.0,99.0,100.0,99.0,97.0,99.0,100.0,98.0,96.0,97.0,99.0,100.0,98.0,98.0,98.0,99.0,99.0,100.0,99.0,99.0,100.0,100.0,98.0,87.0,91.0,91.0,95.0,98.0,99.0,100.0,100.0,100.0,100.0,100.0,99.0,100.0,100.0,100.0,98.0,97.0,99.0,100.0,100.0,98.0,99.0,100.0,100.0,99.0,100.0,100.0,100.0,100.0,100.0,100.0,100.0,100.0
98.0,97.0,97.0,96.0,95.0,94.0,94.0,93.0,93.0,93.0,92.0,92.0,93.0,94.0,96.0,96.0,96.0,96.0,97.0,97.0,97.0,95.0,95.0,96.0,94.0,95.0,95.0,98.0,100.0,99.0,100.0,99.0,99.0,99.0,96.0,96.0,99.0,99.0,99.0,99.0,98.0,100.0,99.0,100.0,100.0,100.0,100.0,98.0,99.0,100.0,91.0,83.0,93.0,96.0,98.0,100.0,99.0,100.0,99.0,99.0,99.0,98.0,99.0,100.0,99.0,99.0,97.0,99.0,99.0,100.0,99.0,100.0,100.0,99.0,100.0,98.0,100.0,100.0,100.0,100.0,100.0,100.0,100.0
97.0,96.0,96.0,95.0,94.0,93.0,93.0,93.0,93.0,93.0,92.0,93.0,93.0,93.0,94.0,95.0,94.0,95.0,97.0,98.0,98.0,98.0,97.0,96.0,96.0,96.0,96.0,96.0,97.0,99.0,99.0,100.0,97.0,100.0,99.0,100.0,100.0,99.0,100.0,99.0,100.0,98.0,96.0,96.0,98.0,99.0,97.0,99.0,100.0,100.0,95.0,94.0,99.0,98.0,99.0,99.0,100.0,99.0,99.0,99.0,98.0,99.0,99.0,98.0,98.0,98.0,98.0,98.0,100.0,100.0,99.0,99.0,100.0,100.0,98.0,98.0,98.0,99.0,100.0,100.0,100.0,99.0,100.0
