scripts/public/data/wind.json
{"header": { "discipline":0, "disciplineName":"Meteorological products", "gribEdition":2, "gribLength":14246, "center":7, "centerName":"US National Weather Service - NCEP(WMC)", "subcenter":0, "refTime":"2019-12-29T00:00:00.000Z", "significanceOfRT":0, "significanceOfRTName":"Analysis", "productStatus":0, "productStatusName":"Operational products", "productType":0, "productTypeName":"Analysis products", "productDefinitionTemplate":0, "productDefinitionTemplateName":"Analysis/forecast at horizontal level/layer at a point in time", "parameterCategory":1, "parameterCategoryName":"Moisture", "parameterNumber":1, "parameterNumberName":"Relative_humidity", "parameterUnit":"percent", "genProcessType":0, "genProcessTypeName":"Analysis", "forecastTime":0, "surface1Type":4, "surface1TypeName":"Level of 0o C isotherm", "surface1Value":0.0, "surface2Type":255, "surface2TypeName":"Missing", "surface2Value":0.0, "gridDefinitionTemplate":0, "gridDefinitionTemplateName":"Latitude_Longitude", "numberPoints":11253, "shape":6, "shapeName":"Earth spherical with radius of 6,371,229.0 m", "gridUnits":"degrees", "resolution":48, "winds":"true", "scanMode":64, "nx":93, "ny":121, "basicAngle":0, "lo1":105.0, "la1":40.0, "lo2":128.0, "la2":70.0, "dx":0.25, "dy":0.25 }, "data":
[rows 0 to 36 of 121, columns 0 to 82 of 93]
86.0,88.0,80.0,73.0,74.0,76.0,78.0,78.0,87.0,79.0,73.0,78.0,86.0,88.0,87.0,93.0,93.0,95.0,88.0,87.0,86.0,89.0,87.0,86.0,83.0,81.0,82.0,82.0,86.0,86.0,83.0,80.0,78.0,75.0,70.0,62.0,63.0,63.0,58.0,58.0,57.0,55.0,47.0,65.0,71.0,65.0,75.0,81.0,83.0,81.0,84.0,89.0,88.0,89.0,89.0,86.0,86.0,84.0,82.0,85.0,60.0,56.0,51.0,45.0,39.0,35.0,33.0,32.0,32.0,97.0,97.0,97.0,97.0,95.0,94.0,90.0,90.0,97.0,99.0,97.0,98.0,99.0,98.0
97.0,97.0,99.0,85.0,84.0,83.0,84.0,82.0,84.0,81.0,88.0,89.0,91.0,91.0,81.0,88.0,88.0,92.0,88.0,88.0,88.0,86.0,83.0,84.0,87.0,87.0,89.0,88.0,90.0,90.0,87.0,89.0,73.0,73.0,77.0,70.0,68.0,62.0,63.0,62.0,55.0,56.0,87.0,84.0,80.0,66.0,82.0,83.0,78.0,72.0,73.0,76.0,83.0,86.0,85.0,86.0,86.0,85.0,83.0,85.0,86.0,91.0,57.0,50.0,48.0,45.0,43.0,40.0,40.0,90.0,91.0,96.0,99.0,98.0,96.0,97.0,99.0,98.0,98.0,97.0,98.0,99.0,99.0
93.0,97.0,99.0,99.0,92.0,87.0,78.0,83.0,82.0,79.0,72.0,75.0,78.0,83.0,79.0,83.0,84.0,83.0,79.0,81.0,82.0,79.0,77.0,81.0,80.0,83.0,86.0,87.0,87.0,86.0,84.0,82.0,80.0,76.0,77.0,75.0,76.0,76.0,74.0,66.0,75.0,79.0,73.0,69.0,80.0,85.0,84.0,86.0,84.0,73.0,73.0,79.0,83.0,92.0,87.0,91.0,88.0,85.0,86.0,84.0,88.0,91.0,93.0,60.0,54.0,54.0,51.0,49.0,46.0,46.0,43.0,67.0,97.0,99.0,98.0,100.0,100.0,96.0,96.0,97.0,87.0,93.0,96.0
89.0,89.0,94.0,97.0,96.0,92.0,75.0,79.0,83.0,82.0,79.0,77.0,74.0,78.0,81.0,85.0,93.0,96.0,94.0,84.0,90.0,88.0,88.0,88.0,80.0,78.0,82.0,86.0,87.0,91.0,91.0,86.0,83.0,76.0,76.0,75.0,77.0,75.0,71.0,74.0,73.0,72.0,73.0,73.0,82.0,85.0,87.0,91.0,87.0,81.0,80.0,85.0,93.0,94.0,95.0,87.0,85.0,88.0,87.0,83.0,91.0,92.0,94.0,93.0,94.0,72.0,60.0,58.0,56.0,64.0,55.0,78.0,90.0,96.0,98.0,99.0,99.0,98.0,97.0,96.0,98.0,96.0,95.0
94.0,93.0,94.0,93.0,91.0,88.0,87.0,72.0,68.0,79.0,79.0,79.0,80.0,83.0,80.0,82.0,80.0,90.0,94.0,92.0,88.0,93.0,98.0,94.0,96.0,96.0,97.0,86.0,87.0,85.0,90.0,90.0,82.0,79.0,79.0,80.0,83.0,85.0,88.0,79.0,79.0,80.0,76.0,71.0,76.0,82.0,82.0,90.0,86.0,86.0,86.0,86.0,88.0,92.0,93.0,92.0,88.0,88.0,89.0,85.0,91.0,92.0,95.0,97.0,96.0,98.0,96.0,79.0,90.0,91.0,85.0,67.0,51.0,62.0,95.0,97.0,99.0,99.0,98.0,99.0,99.0,98.0,96.0
60.0,50.0,62.0,71.0,85.0,90.0,93.0,97.0,91.0,83.0,76.0,76.0,76.0,81.0,76.0,79.0,83.0,88.0,91.0,94.0,96.0,96.0,99.0,98.0,95.0,95.0,97.0,98.0,98.0,91.0,95.0,95.0,89.0,90.0,95.0,92.0,91.0,94.0,90.0,88.0,89.0,88.0,84.0,80.0,82.0,76.0,81.0,86.0,89.0,88.0,90.0,87.0,91.0,88.0,87.0,83.0,89.0,87.0,90.0,93.0,90.0,96.0,98.0,98.0,97.0,97.0,97.0,94.0,91.0,92.0,91.0,86.0,78.0,54.0,62.0,91.0,92.0,94.0,94.0,96.0,97.0,97.0,97.0
40.0,41.0,42.0,45.0,61.0,72.0,95.0,100.0,98.0,98.0,91.0,92.0,87.0,89.0,84.0,83.0,84.0,90.0,93.0,95.0,95.0,94.0,97.0,97.0,97.0,96.0,96.0,97.0,99.0,93.0,93.0,93.0,91.0,92.0,90.0,90.0,89.0,93.0,95.0,95.0,91.0,90.0,88.0,88.0,90.0,82.0,76.0,80.0,90.0,90.0,88.0,88.0,92.0,88.0,80.0,79.0,97.0,93.0,93.0,92.0,93.0,98.0,97.0,97.0,98.0,97.0,96.0,98.0,96.0,94.0,93.0,91.0,90.0,85.0,58.0,70.0,89.0,94.0,93.0,93.0,97.0,97.0,98.0
36.0,38.0,41.0,38.0,41.0,48.0,52.0,81.0,91.0,96.0,99.0,99.0,96.0,93.0,92.0,96.0,99.0,99.0,100.0,97.0,96.0,94.0,96.0,99.0,97.0,97.0,96.0,97.0,97.0,98.0,91.0,90.0,95.0,96.0,94.0,93.0,90.0,91.0,92.0,93.0,94.0,95.0,94.0,91.0,90.0,87.0,83.0,81.0,84.0,89.0,91.0,90.0,92.0,92.0,82.0,78.0,91.0,92.0,95.0,93.0,96.0,98.0,93.0,92.0,92.0,94.0,95.0,99.0,93.0,95.0,95.0,94.0,93.0,93.0,92.0,83.0,82.0,80.0,90.0,93.0,95.0,95.0,99.0
41.0,39.0,36.0,35.0,37.0,35.0,39.0,47.0,51.0,83.0,84.0,90.0,85.0,77.0,83.0,90.0,86.0,80.0,84.0,92.0,89.0,91.0,91.0,97.0,97.0,98.0,97.0,98.0,98.0,95.0,96.0,94.0,97.0,99.0,97.0,97.0,94.0,95.0,95.0,96.0,95.0,95.0,95.0,94.0,95.0,94.0,88.0,84.0,84.0,85.0,90.0,92.0,92.0,89.0,84.0,96.0,92.0,86.0,97.0,96.0,98.0,98.0,95.0,87.0,91.0,91.0,90.0,90.0,93.0,90.0,93.0,95.0,94.0,93.0,93.0,92.0,90.0,90.0,90.0,87.0,88.0,92.0,95.0
45.0,40.0,37.0,37.0,36.0,33.0,32.0,34.0,36.0,40.0,46.0,48.0,62.0,66.0,70.0,69.0,75.0,74.0,71.0,70.0,76.0,76.0,80.0,84.0,86.0,94.0,96.0,97.0,98.0,93.0,93.0,94.0,97.0,97.0,97.0,97.0,95.0,97.0,94.0,92.0,95.0,93.0,92.0,94.0,94.0,96.0,94.0,89.0,89.0,89.0,86.0,85.0,88.0,86.0,94.0,95.0,95.0,92.0,93.0,93.0,93.0,92.0,92.0,89.0,88.0,89.0,91.0,93.0,91.0,91.0,93.0,95.0,95.0,96.0,93.0,93.0,90.0,92.0,91.0,92.0,91.0,90.0,90.0
39.0,42.0,43.0,41.0,34.0,34.0,31.0,30.0,32.0,33.0,37.0,41.0,53.0,65.0,72.0,72.0,75.0,71.0,69.0,71.0,72.0,73.0,78.0,80.0,81.0,83.0,92.0,95.0,96.0,95.0,94.0,94.0,95.0,96.0,97.0,97.0,97.0,98.0,96.0,96.0,98.0,93.0,93.0,96.0,93.0,94.0,95.0,96.0,96.0,96.0,95.0,86.0,80.0,84.0,93.0,96.0,94.0,93.0,90.0,92.0,95.0,94.0,93.0,91.0,91.0,91.0,91.0,91.0,91.0,90.0,91.0,92.0,94.0,96.0,96.0,94.0,93.0,92.0,90.0,90.0,90.0,90.0,88.0
54.0,50.0,46.0,41.0,39.0,38.0,35.0,33.0,33.0,33.0,35.0,38.0,45.0,61.0,66.0,70.0,70.0,68.0,66.0,69.0,71.0,75.0,80.0,81.0,80.0,81.0,87.0,93.0,95.0,94.0,94.0,95.0,93.0,94.0,97.0,96.0,96.0,96.0,97.0,97.0,98.0,96.0,95.0,94.0,93.0,94.0,94.0,95.0,96.0,96.0,96.0,92.0,89.0,80.0,92.0,94.0,91.0,92.0,95.0,94.0,96.0,95.0,94.0,93.0,93.0,93.0,93.0,92.0,91.0,91.0,93.0,92.0,93.0,94.0,95.0,96.0,96.0,96.0,94.0,93.0,90.0,89.0,89.0
63.0,68.0,61.0,58.0,45.0,43.0,40.0,39.0,37.0,38.0,35.0,37.0,44.0,55.0,62.0,64.0,73.0,75.0,72.0,74.0,75.0,72.0,79.0,85.0,83.0,79.0,81.0,87.0,90.0,91.0,93.0,93.0,91.0,93.0,95.0,95.0,96.0,96.0,96.0,99.0,98.0,98.0,98.0,96.0,95.0,94.0,92.0,93.0,94.0,94.0,95.0,95.0,87.0,83.0,90.0,95.0,93.0,92.0,94.0,96.0,98.0,96.0,96.0,95.0,94.0,93.0,94.0,94.0,94.0,93.0,93.0,93.0,93.0,94.0,93.0,94.0,96.0,97.0,97.0,96.0,93.0,91.0,90.0
53.0,64.0,60.0,53.0,46.0,45.0,42.0,38.0,37.0,38.0,37.0,39.0,43.0,48.0,55.0,62.0,74.0,76.0,77.0,75.0,77.0,76.0,83.0,87.0,87.0,83.0,77.0,79.0,85.0,89.0,93.0,93.0,90.0,91.0,92.0,92.0,95.0,95.0,95.0,96.0,97.0,98.0,98.0,99.0,97.0,96.0,92.0,89.0,94.0,94.0,95.0,95.0,96.0,97.0,97.0,95.0,91.0,92.0,93.0,95.0,97.0,97.0,96.0,96.0,95.0,94.0,94.0,94.0,94.0,94.0,94.0,93.0,93.0,93.0,94.0,95.0,95.0,95.0,97.0,97.0,97.0,96.0,92.0
51.0,55.0,56.0,54.0,47.0,46.0,44.0,41.0,37.0,37.0,40.0,44.0,45.0,48.0,51.0,51.0,55.0,57.0,60.0,61.0,60.0,71.0,84.0,88.0,83.0,86.0,83.0,79.0,84.0,85.0,85.0,89.0,91.0,93.0,96.0,93.0,92.0,95.0,96.0,94.0,93.0,95.0,99.0,100.0,100.0,97.0,92.0,95.0,96.0,97.0,93.0,87.0,98.0,96.0,96.0,96.0,92.0,92.0,93.0,94.0,93.0,95.0,95.0,95.0,95.0,96.0,94.0,94.0,94.0,94.0,95.0,95.0,94.0,93.0,94.0,94.0,95.0,96.0,96.0,97.0,97.0,97.0,97.0
54.0,51.0,51.0,56.0,54.0,54.0,52.0,45.0,43.0,42.0,47.0,47.0,52.0,56.0,57.0,56.0,58.0,58.0,63.0,76.0,90.0,89.0,83.0,82.0,81.0,83.0,83.0,83.0,83.0,81.0,80.0,81.0,90.0,91.0,93.0,95.0,91.0,93.0,96.0,98.0,96.0,95.0,96.0,97.0,94.0,92.0,96.0,97.0,97.0,97.0,95.0,90.0,99.0,97.0,98.0,99.0,93.0,91.0,95.0,95.0,95.0,95.0,94.0,92.0,92.0,93.0,95.0,95.0,94.0,94.0,95.0,95.0,94.0,94.0,94.0,94.0,94.0,95.0,96.0,96.0,97.0,97.0,97.0
56.0,57.0,52.0,46.0,44.0,45.0,49.0,48.0,52.0,52.0,53.0,59.0,60.0,62.0,60.0,61.0,65.0,71.0,73.0,81.0,87.0,90.0,89.0,92.0,95.0,89.0,88.0,92.0,93.0,93.0,86.0,82.0,81.0,85.0,88.0,93.0,95.0,94.0,97.0,96.0,97.0,94.0,93.0,94.0,93.0,95.0,97.0,97.0,96.0,95.0,95.0,95.0,97.0,98.0,96.0,98.0,100.0,99.0,94.0,95.0,96.0,96.0,96.0,95.0,95.0,94.0,94.0,94.0,94.0,94.0,94.0,95.0,95.0,94.0,94.0,96.0,96.0,95.0,96.0,96.0,96.0,97.0,97.0
48.0,49.0,51.0,49.0,46.0,48.0,48.0,48.0,48.0,53.0,57.0,66.0,81.0,77.0,76.0,75.0,82.0,83.0,79.0,80.0,82.0,77.0,84.0,89.0,95.0,98.0,94.0,93.0,94.0,95.0,96.0,92.0,91.0,87.0,88.0,90.0,90.0,91.0,93.0,95.0,99.0,100.0,96.0,96.0,99.0,98.0,99.0,99.0,97.0,98.0,98.0,97.0,98.0,96.0,98.0,98.0,99.0,98.0,98.0,97.0,93.0,92.0,94.0,95.0,96.0,96.0,96.0,94.0,93.0,94.0,94.0,94.0,95.0,95.0,95.0,95.0,96.0,96.0,96.0,96.0,97.0,97.0,97.0
48.0,51.0,48.0,49.0,51.0,57.0,55.0,54.0,56.0,57.0,69.0,78.0,87.0,94.0,92.0,85.0,87.0,90.0,89.0,86.0,80.0,77.0,81.0,96.0,96.0,96.0,99.0,99.0,97.0,98.0,100.0,100.0,97.0,95.0,94.0,92.0,90.0,90.0,90.0,92.0,96.0,97.0,98.0,98.0,96.0,97.0,99.0,98.0,99.0,98.0,98.0,97.0,97.0,97.0,96.0,97.0,98.0,98.0,99.0,97.0,90.0,93.0,95.0,94.0,95.0,95.0,96.0,96.0,95.0,95.0,94.0,94.0,94.0,95.0,95.0,95.0,96.0,96.0,97.0,96.0,96.0,96.0,97.0
51.0,58.0,46.0,55.0,64.0,61.0,65.0,65.0,66.0,72.0,75.0,78.0,82.0,86.0,91.0,93.0,95.0,90.0,89.0,87.0,85.0,87.0,91.0,94.0,97.0,99.0,98.0,98.0,99.0,98.0,98.0,100.0,100.0,100.0,99.0,95.0,94.0,92.0,90.0,91.0,93.0,93.0,96.0,97.0,97.0,96.0,95.0,97.0,97.0,97.0,98.0,98.0,98.0,98.0,98.0,97.0,98.0,98.0,98.0,97.0,96.0,97.0,98.0,93.0,96.0,95.0,96.0,96.0,96.0,96.0,95.0,96.0,95.0,94.0,94.0,95.0,95.0,96.0,97.0,96.0,96.0,96.0,96.0
58.0,58.0,55.0,53.0,73.0,79.0,78.0,74.0,73.0,74.0,76.0,78.0,79.0,84.0,85.0,87.0,91.0,91.0,87.0,89.0,90.0,92.0,95.0,95.0,97.0,98.0,98.0,98.0,97.0,97.0,98.0,99.0,100.0,100.0,100.0,100.0,99.0,99.0,95.0,93.0,92.0,89.0,85.0,87.0,92.0,91.0,95.0,99.0,96.0,95.0,96.0,96.0,97.0,97.0,97.0,97.0,97.0,99.0,99.0,98.0,97.0,98.0,97.0,96.0,97.0,96.0,96.0,96.0,96.0,96.0,96.0,96.0,95.0,95.0,94.0,95.0,95.0,95.0,95.0,96.0,96.0,96.0,96.0
78.0,77.0,76.0,73.0,73.0,76.0,77.0,75.0,74.0,75.0,76.0,76.0,82.0,87.0,87.0,87.0,89.0,87.0,88.0,92.0,92.0,90.0,90.0,91.0,92.0,92.0,97.0,99.0,100.0,100.0,99.0,98.0,95.0,97.0,96.0,95.0,97.0,96.0,97.0,97.0,95.0,94.0,90.0,84.0,85.0,93.0,91.0,96.0,94.0,90.0,96.0,99.0,96.0,97.0,97.0,96.0,97.0,97.0,97.0,100.0,97.0,98.0,97.0,97.0,97.0,96.0,96.0,96.0,95.0,96.0,96.0,96.0,95.0,95.0,96.0,96.0,95.0,95.0,95.0,95.0,96.0,96.0,96.0
77.0,79.0,82.0,83.0,79.0,79.0,82.0,77.0,75.0,74.0,74.0,75.0,80.0,86.0,90.0,89.0,89.0,87.0,91.0,96.0,97.0,94.0,91.0,92.0,92.0,93.0,95.0,96.0,94.0,91.0,95.0,100.0,96.0,95.0,97.0,97.0,99.0,100.0,100.0,100.0,98.0,97.0,93.0,93.0,90.0,91.0,94.0,92.0,92.0,90.0,90.0,95.0,95.0,97.0,99.0,97.0,97.0,98.0,98.0,98.0,99.0,98.0,99.0,99.0,97.0,94.0,96.0,96.0,96.0,96.0,96.0,96.0,95.0,96.0,96.0,96.0,96.0,95.0,96.0,95.0,95.0,95.0,94.0
83.0,83.0,83.0,84.0,87.0,83.0,86.0,86.0,81.0,83.0,81.0,81.0,82.0,84.0,90.0,96.0,91.0,85.0,87.0,96.0,97.0,97.0,97.0,97.0,96.0,97.0,96.0,94.0,100.0,100.0,93.0,95.0,97.0,98.0,96.0,97.0,99.0,99.0,100.0,99.0,98.0,99.0,95.0,90.0,94.0,92.0,98.0,97.0,95.0,96.0,95.0,93.0,92.0,96.0,97.0,97.0,98.0,97.0,96.0,96.0,99.0,98.0,98.0,98.0,98.0,97.0,94.0,96.0,96.0,96.0,96.0,97.0,97.0,96.0,96.0,96.0,96.0,96.0,96.0,95.0,95.0,95.0,95.0
82.0,85.0,90.0,89.0,86.0,87.0,87.0,90.0,90.0,92.0,87.0,89.0,90.0,88.0,89.0,94.0,89.0,85.0,83.0,88.0,93.0,96.0,95.0,95.0,96.0,96.0,92.0,92.0,91.0,98.0,100.0,99.0,98.0,97.0,97.0,97.0,98.0,98.0,99.0,99.0,99.0,99.0,99.0,97.0,90.0,90.0,98.0,100.0,97.0,97.0,97.0,98.0,98.0,98.0,99.0,98.0,98.0,97.0,97.0,97.0,98.0,99.0,99.0,98.0,97.0,96.0,97.0,97.0,97.0,97.0,96.0,97.0,97.0,97.0,96.0,96.0,96.0,96.0,96.0,96.0,95.0,95.0,95.0
83.0,85.0,85.0,86.0,89.0,89.0,88.0,87.0,87.0,88.0,89.0,93.0,93.0,93.0,94.0,96.0,97.0,92.0,91.0,87.0,88.0,90.0,92.0,93.0,95.0,94.0,94.0,98.0,98.0,97.0,97.0,98.0,99.0,99.0,99.0,99.0,98.0,97.0,96.0,95.0,98.0,99.0,98.0,99.0,98.0,95.0,97.0,99.0,97.0,97.0,97.0,97.0,98.0,99.0,99.0,98.0,98.0,97.0,97.0,98.0,98.0,99.0,99.0,99.0,99.0,98.0,98.0,97.0,96.0,96.0,97.0,97.0,97.0,97.0,96.0,95.0,95.0,96.0,96.0,96.0,96.0,95.0,95.0
91.0,92.0,89.0,90.0,88.0,87.0,85.0,83.0,82.0,83.0,86.0,90.0,94.0,96.0,99.0,99.0,100.0,100.0,100.0,98.0,96.0,93.0,95.0,94.0,95.0,97.0,96.0,97.0,98.0,98.0,97.0,98.0,98.0,99.0,99.0,99.0,99.0,99.0,99.0,98.0,97.0,97.0,99.0,98.0,98.0,98.0,98.0,98.0,98.0,97.0,98.0,96.0,99.0,99.0,98.0,97.0,96.0,96.0,96.0,97.0,99.0,98.0,98.0,99.0,99.0,98.0,97.0,96.0,96.0,97.0,97.0,97.0,97.0,97.0,96.0,96.0,95.0,96.0,95.0,96.0,95.0,95.0,95.0
90.0,99.0,94.0,90.0,94.0,93.0,88.0,83.0,83.0,85.0,85.0,88.0,90.0,92.0,95.0,94.0,97.0,97.0,97.0,100.0,100.0,99.0,100.0,100.0,98.0,96.0,96.0,95.0,95.0,95.0,97.0,98.0,98.0,96.0,97.0,97.0,98.0,99.0,98.0,97.0,97.0,96.0,97.0,98.0,98.0,98.0,98.0,98.0,98.0,98.0,98.0,98.0,98.0,99.0,99.0,98.0,97.0,98.0,96.0,95.0,99.0,99.0,98.0,97.0,99.0,98.0,98.0,98.0,96.0,97.0,97.0,97.0,97.0,97.0,97.0,97.0,97.0,99.0,96.0,95.0,95.0,95.0,96.0
93.0,94.0,94.0,93.0,97.0,97.0,92.0,83.0,86.0,89.0,86.0,84.0,83.0,82.0,86.0,88.0,89.0,89.0,90.0,93.0,94.0,96.0,99.0,98.0,98.0,98.0,98.0,99.0,99.0,97.0,97.0,96.0,96.0,98.0,98.0,97.0,97.0,98.0,98.0,98.0,99.0,98.0,95.0,94.0,96.0,98.0,98.0,98.0,98.0,97.0,98.0,97.0,96.0,97.0,98.0,98.0,97.0,97.0,95.0,94.0,98.0,99.0,98.0,99.0,100.0,99.0,99.0,99.0,97.0,97.0,97.0,98.0,97.0,97.0,97.0,97.0,97.0,97.0,96.0,96.0,96.0,96.0,96.0
88.0,90.0,90.0,89.0,93.0,94.0,96.0,96.0,97.0,86.0,85.0,82.0,82.0,84.0,78.0,82.0,87.0,87.0,91.0,90.0,93.0,93.0,94.0,100.0,100.0,99.0,99.0,99.0,98.0,99.0,97.0,98.0,98.0,98.0,98.0,98.0,98.0,97.0,97.0,97.0,98.0,99.0,99.0,98.0,96.0,97.0,98.0,98.0,98.0,96.0,97.0,97.0,97.0,97.0,96.0,95.0,96.0,98.0,99.0,98.0,97.0,98.0,97.0,98.0,98.0,99.0,99.0,97.0,97.0,97.0,96.0,96.0,97.0,98.0,97.0,97.0,97.0,97.0,97.0,97.0,96.0,96.0,95.0
90.0,100.0,96.0,92.0,89.0,99.0,98.0,100.0,100.0,98.0,91.0,88.0,85.0,81.0,92.0,96.0,94.0,90.0,92.0,95.0,92.0,96.0,95.0,93.0,96.0,99.0,99.0,99.0,99.0,99.0,98.0,98.0,98.0,98.0,98.0,98.0,98.0,96.0,96.0,97.0,98.0,98.0,98.0,98.0,98.0,98.0,98.0,98.0,97.0,97.0,97.0,97.0,97.0,96.0,97.0,95.0,96.0,98.0,97.0,97.0,97.0,97.0,98.0,98.0,99.0,98.0,97.0,97.0,98.0,98.0,98.0,98.0,97.0,97.0,97.0,97.0,97.0,97.0,97.0,97.0,96.0,96.0,95.0
93.0,91.0,99.0,99.0,97.0,89.0,91.0,100.0,99.0,93.0,96.0,92.0,88.0,80.0,85.0,97.0,94.0,96.0,95.0,96.0,94.0,90.0,90.0,95.0,94.0,95.0,98.0,98.0,100.0,99.0,98.0,99.0,98.0,98.0,98.0,99.0,98.0,98.0,97.0,98.0,98.0,97.0,97.0,97.0,97.0,97.0,97.0,97.0,98.0,97.0,96.0,97.0,97.0,96.0,97.0,97.0,97.0,96.0,97.0,97.0,98.0,98.0,97.0,97.0,98.0,98.0,97.0,96.0,99.0,98.0,97.0,97.0,97.0,97.0,97.0,97.0,97.0,97.0,97.0,97.0,96.0,96.0,93.0
93.0,94.0,94.0,90.0,94.0,99.0,96.0,99.0,91.0,86.0,86.0,88.0,92.0,83.0,86.0,94.0,93.0,93.0,95.0,97.0,99.0,99.0,97.0,96.0,97.0,97.0,97.0,97.0,97.0,97.0,97.0,97.0,97.0,98.0,98.0,98.0,98.0,97.0,96.0,95.0,95.0,96.0,94.0,94.0,95.0,97.0,97.0,98.0,98.0,98.0,97.0,96.0,97.0,97.0,97.0,97.0,97.0,97.0,97.0,98.0,97.0,97.0,96.0,95.0,97.0,97.0,98.0,96.0,97.0,97.0,98.0,97.0,97.0,97.0,97.0,97.0,97.0,97.0,97.0,96.0,95.0,92.0,87.0
97.0,98.0,99.0,100.0,98.0,100.0,99.0,98.0,98.0,92.0,95.0,90.0,91.0,89.0,86.0,90.0,96.0,92.0,89.0,90.0,93.0,93.0,100.0,98.0,97.0,99.0,97.0,96.0,96.0,94.0,96.0,97.0,98.0,98.0,97.0,97.0,97.0,95.0,93.0,89.0,90.0,89.0,88.0,87.0,85.0,89.0,92.0,95.0,97.0,96.0,97.0,97.0,96.0,96.0,96.0,97.0,98.0,97.0,97.0,97.0,96.0,93.0,93.0,93.0,96.0,96.0,97.0,96.0,98.0,97.0,97.0,97.0,97.0,97.0,96.0,96.0,96.0,96.0,94.0,93.0,88.0,86.0,86.0
98.0,96.0,99.0,98.0,99.0,100.0,99.0,94.0,93.0,97.0,100.0,99.0,99.0,92.0,91.0,92.0,95.0,96.0,92.0,94.0,97.0,95.0,95.0,97.0,98.0,99.0,99.0,99.0,99.0,98.0,97.0,98.0,97.0,96.0,95.0,95.0,89.0,88.0,88.0,86.0,85.0,87.0,87.0,88.0,85.0,81.0,84.0,92.0,98.0,93.0,95.0,96.0,96.0,95.0,96.0,96.0,95.0,95.0,97.0,95.0,93.0,94.0,94.0,93.0,95.0,98.0,97.0,97.0,96.0,96.0,96.0,96.0,97.0,97.0,97.0,96.0,95.0,90.0,88.0,87.0,86.0,85.0,85.0
95.0,97.0,96.0,95.0,96.0,96.0,90.0,93.0,91.0,99.0,98.0,99.0,99.0,98.0,100.0,99.0,98.0,98.0,93.0,94.0,94.0,93.0,97.0,94.0,95.0,97.0,99.0,99.0,98.0,100.0,98.0,95.0,91.0,90.0,91.0,87.0,79.0,80.0,83.0,89.0,90.0,90.0,90.0,92.0,93.0,90.0,81.0,84.0,91.0,99.0,92.0,92.0,92.0,93.0,96.0,96.0,95.0,96.0,97.0,95.0,95.0,96.0,95.0,97.0,98.0,96.0,97.0,97.0,96.0,96.0,96.0,95.0,95.0,96.0,96.0,95.0,90.0,87.0,87.0,87.0,86.0,86.0,86.0
98.0,95.0,96.0,96.0,93.0,86.0,82.0,90.0,94.0,96.0,100.0,99.0,96.0,97.0,98.0,100.0,99.0,98.0,97.0,94.0,95.0,97.0,96.0,94.0,98.0,99.0,99.0,99.0,98.0,96.0,98.0,99.0,99.0,96.0,93.0,88.0,82.0,85.0,84.0,85.0,92.0,91.0,97.0,96.0,96.0,93.0,89.0,83.0,82.0,93.0,100.0,89.0,88.0,91.0,95.0,96.0,96.0,96.0,97.0,96.0,94.0,96.0,94.0,96.0,97.0,96.0,97.0,97.0,99.0,98.0,97.0,95.0,96.0,96.0,93.0,90.0,89.0,87.0,87.0,86.0,86.0,87.0,87.0
